Timestamp,POA Irradiance,Meter Power,Inverter_1,Inverter_2,Inverter_3,Inverter_4,Inverter_5,Inverter_6,Inverter_7,Inverter_8,Inverter_9,Inverter_10,Inverter_11,Inverter_12,Inverter_13,Inverter_14,Inverter_15,Inverter_16,Inverter_17,Inverter_18,Inverter_19,Inverter_20,Inverter_21,Inverter_22,Inverter_23,Inverter_24,Inverter_25,Inverter_26,Inverter_27,Inverter_28,Inverter_29,Inverter_30,Inverter_31,Inverter_32,Inverter_33,Inverter_34,Inverter_35,Inverter_36,Inverter_37,Inverter_38,Inverter_39,Inverter_40,Inverter_41,Inverter_42,Inverter_43,Inverter_44,Inverter_45,Inverter_46,Inverter_47,Inverter_48,Inverter_49,Inverter_50,Inverter_51,Inverter_52,Inverter_53,Inverter_54,Inverter_55,Inverter_56,Inverter_57,Inverter_58,Inverter_59,Inverter_60,Inverter_61,Inverter_62,Inverter_63,Inverter_64,Inverter_65,Inverter_66,Inverter_67,Inverter_68,Inverter_69,Inverter_70,Inverter_71,Inverter_72,Inverter_73,Inverter_74,Inverter_75,Inverter_76,Inverter_77,Inverter_78,Inverter_79,Inverter_80,Inverter_81,Inverter_82,Inverter_83,Inverter_84,Inverter_85,Inverter_86,Inverter_87,Inverter_88,Inverter_89,Inverter_90,Inverter_91,Inverter_92,Inverter_93,Inverter_94,Inverter_95,Inverter_96,Inverter_97,Inverter_98,Inverter_99,Inverter_100,Inverter_101,Inverter_102,Inverter_103,Inverter_104,Inverter_105,Inverter_106,Inverter_107,Inverter_108,Inverter_109,Inverter_110,Inverter_111,Inverter_112,Inverter_113,Inverter_114,Inverter_115,Inverter_116,Inverter_117,Inverter_118,Inverter_119,Inverter_120,Inverter_121,Inverter_122,Inverter_123,Inverter_124,Inverter_125,Inverter_126,Inverter_127,Inverter_128,Inverter_129,Inverter_130,Inverter_131,Inverter_132,Inverter_133,Inverter_134,Inverter_135,Inverter_136,Inverter_137,Inverter_138,Inverter_139,Inverter_140,Inverter_141,Inverter_142,Inverter_143,Inverter_144,Inverter_145,Inverter_146,Inverter_147,Inverter_148,Inverter_149,Inverter_150,Inverter_151,Inverter_152,Inverter_153,Inverter_154,Inverter_155,Inverter_156,Inverter_157,Inverter_158,Inverter_159,Inverter_160,Inverter_161,Inverter_162,Inverter_163,Inverter_164,Inverter_165,Avg_Top_20%,Expected Sum
2022-10-01 00:00:00,0.0,,,,,,,,,,,,,,,,,,,,,,,,,,,,,,,,,,,,,,,,,,,,,,,,,,,,,,,,,,,,,,,,,,,,,,,,,,,,,,,,,,,,,,,,,,,,,,,,,,,,,,,,,,,,,,,,,,,,,,,,,,,,,,,,,,,,,,,,,,,,,,,,,,,,,,,,,,,,,,,,,,,,,,,,0.0
2022-10-01 01:00:00,0.0,,,,,,,,,,,,,,,,,,,,,,,,,,,,,,,,,,,,,,,,,,,,,,,,,,,,,,,,,,,,,,,,,,,,,,,,,,,,,,,,,,,,,,,,,,,,,,,,,,,,,,,,,,,,,,,,,,,,,,,,,,,,,,,,,,,,,,,,,,,,,,,,,,,,,,,,,,,,,,,,,,,,,,,,0.0
2022-10-01 02:00:00,0.0,,,,,,,,,,,,,,,,,,,,,,,,,,,,,,,,,,,,,,,,,,,,,,,,,,,,,,,,,,,,,,,,,,,,,,,,,,,,,,,,,,,,,,,,,,,,,,,,,,,,,,,,,,,,,,,,,,,,,,,,,,,,,,,,,,,,,,,,,,,,,,,,,,,,,,,,,,,,,,,,,,,,,,,,0.0
2022-10-01 03:00:00,0.0,,,,,,,,,,,,,,,,,,,,,,,,,,,,,,,,,,,,,,,,,,,,,,,,,,,,,,,,,,,,,,,,,,,,,,,,,,,,,,,,,,,,,,,,,,,,,,,,,,,,,,,,,,,,,,,,,,,,,,,,,,,,,,,,,,,,,,,,,,,,,,,,,,,,,,,,,,,,,,,,,,,,,,,,0.0
2022-10-01 04:00:00,0.0,,,,,,,,,,,,,,,,,,,,,,,,,,,,,,,,,,,,,,,,,,,,,,,,,,,,,,,,,,,,,,,,,,,,,,,,,,,,,,,,,,,,,,,,,,,,,,,,,,,,,,,,,,,,,,,,,,,,,,,,,,,,,,,,,,,,,,,,,,,,,,,,,,,,,,,,,,,,,,,,,,,,,,,,0.0
2022-10-01 05:00:00,0.0,,,,,,,,,,,,,,,,,,,,,,,,,,,,,,,,,,,,,,,,,,,,,,,,,,,,,,,,,,,,,,,,,,,,,,,,,,,,,,,,,,,,,,,,,,,,,,,,,,,,,,,,,,,,,,,,,,,,,,,,,,,,,,,,,,,,,,,,,,,,,,,,,,,,,,,,,,,,,,,,,,,,,,,,0.0
2022-10-01 06:00:00,0.0,,0.0,0.0,0.0,0.0,0.0,0.0,0.0,0.0,0.0,0.0,0.0,0.0,0.0,0.0,0.0,0.0,0.0,0.0,0.0,0.0,0.0,0.0,0.0,0.0,0.0,0.0,0.0,0.0,0.0,0.0,0.0,0.0,0.0,0.0,0.0,0.0,0.0,0.0,0.0,0.0,0.0,0.0,0.0,0.0,0.0,0.0,0.0,0.0,0.0,0.0,0.0,0.0,0.0,0.0,0.0,0.0,0.0,0.0,0.0,0.0,0.0,0.0,0.0,0.0,0.0,0.0,0.0,0.0,0.0,0.0,0.0,0.0,0.0,0.0,0.0,0.0,0.0,0.0,0.0,0.0,0.0,0.0,0.0,0.0,0.0,0.0,0.0,0.0,0.0,,0.0,0.0,0.0,0.0,0.0,0.0,0.0,0.0,0.0,0.0,0.0,0.0,0.0,0.0,0.0,0.0,0.0,0.0,0.0,0.0,0.0,0.0,0.0,0.0,0.0,0.0,0.0,0.0,0.0,0.0,0.0,0.0,0.0,0.0,0.0,0.0,0.0,0.0,0.0,0.0,0.0,0.0,0.0,0.0,0.0,0.0,0.0,0.0,0.0,0.0,0.0,0.0,0.0,0.0,0.0,0.0,0.0,0.0,0.0,0.0,0.0,0.0,0.0,0.0,0.0,0.0,0.0,0.0,0.0,0.0,0.0,0.0,0.0,0.0,0.0,,0.0
2022-10-01 07:00:00,13.04012,,1.581313,2.290584,0.0,2.007729,1.861125,1.957896,1.598125,1.526,2.451688,0.0,2.016625,1.029042,2.182625,0.8443332,0.8225833,1.803021,0.7724376,1.544271,0.5669582,1.184333,0.8765832,0.7435625,1.209437,0.8067708,0.9320001,0.9102083,0.8058125,0.9734791,0.724875,0.8349791,0.9814792,0.8828334,1.153833,0.9142291,1.158312,0.9493126,0.0,1.062542,1.172729,1.112646,1.411792,0.9341667,1.049729,1.441896,0.8689376,1.321479,0.8090626,1.169958,1.1815,1.267104,1.493875,1.450229,2.363375,1.852875,0.8627293,2.073208,1.148271,1.536146,1.773146,1.700604,2.489979,1.868375,2.384229,1.677229,2.153771,0.0,2.298438,1.649208,1.294417,1.558875,1.202229,1.73475,1.079521,3.560479,3.209625,3.09125,3.160791,2.863833,3.245562,2.927083,3.530833,3.550354,3.188479,3.135875,3.236667,3.126396,0.0,3.031291,3.424583,,3.132416,2.480979,3.057083,3.022625,3.300917,2.381312,3.01125,2.701688,3.153271,2.995625,3.269917,3.131083,3.391437,3.127146,3.253834,3.067312,2.976792,2.494125,3.112937,2.016666,3.153771,2.568917,3.001062,2.600667,2.802354,3.078396,3.081833,2.803146,3.204104,2.646146,3.007667,2.386167,2.579958,2.408854,2.894083,2.313333,2.735875,2.341854,2.494667,2.384125,3.140333,2.251,3.065354,2.276292,2.380229,2.719187,2.754917,2.346896,2.652104,2.578625,2.586729,2.512896,2.694042,2.262792,2.954667,2.271604,2.559958,2.496604,2.259021,2.521146,2.667937,2.439209,2.822334,2.447792,2.94075,2.701708,2.608625,2.556688,2.420979,2.40925,2.653542,2.438917,2.605688,2.650938,2.261583,,347.10624839999997
2022-10-01 08:00:00,250.5975,,20.356,20.74356,21.394039375000002,20.46344,20.51033,20.60439,20.2824,19.68496,20.97988,21.394039375000002,20.82492,15.37912,20.65242,12.8021,12.79204,18.90629,12.51637,20.21737,12.62933,18.0091,11.07327,8.511813,19.2984,7.426918,18.32679,9.069958,8.263584,18.50792,7.846187,9.999834,18.9055,10.72296,18.62565,10.37046,15.92115,12.7896,21.394039375000002,14.84435,14.73787,14.7865,15.559,11.72677,9.356585,19.12371,8.14825,16.57379,10.21138,10.2496,15.9351,11.3601,17.68706,17.34596,16.94012,15.54015,12.04577,18.23044,13.46248,16.96465,14.92171,18.68956,18.17608,19.49556,17.69869,18.8044,17.32279,21.394039375000002,17.37942,20.47779,20.12115,14.66648,19.50319,16.23787,16.75429,21.65204,21.79852,21.22279,21.39667,21.24521,21.57879,21.44502,21.93902,21.74631,21.51102,21.2595,21.40779,21.23719,21.394039375000002,21.07517,21.52394,,21.03358,20.96031,21.07937,21.31643,21.51571,20.80356,21.12229,20.84683,21.18723,20.4935,21.26509,21.09358,21.50731,21.24196,21.63175,21.34394,21.07077,20.69904,21.23642,20.55852,21.24819,20.72037,21.16114,20.8666,19.64121,20.94062,21.22404,20.93446,21.23173,21.0865,21.08779,20.5024,20.56794,20.10648,21.09738,20.1265,20.98723,20.933,20.8206,20.75137,19.98013,20.74113,21.07702,20.1956,20.97171,21.00208,21.16633,20.31998,20.89796,20.62442,20.50829,20.67204,20.97596,20.32304,20.90525,19.23221,20.59971,20.82344,16.48902,20.49468,21.49291,20.97623,21.307,19.52142,21.44598,21.08944,20.925,20.95959,20.64231,20.51852,20.76706,20.50857,20.85404,20.78621,19.14561,21.394039375000002,3071.0844358749996
2022-10-01 09:00:00,520.2966,,41.30146,40.80315,41.46334000000001,40.80277,40.61067,40.4004,40.49571,39.81196,41.18884,41.46334000000001,41.18723,36.19196,40.5785,34.88785,32.29369,37.62137,34.63454,40.68244,35.82327,37.04204,32.32473,29.21344,39.97459,33.62135,39.91421,31.56963,29.65998,39.38202,29.11956,29.01323,40.14788,30.17064,39.409,30.83277,34.38519,30.62448,41.46334000000001,35.4164,30.98229,36.04852,32.73734,31.91598,29.16431,39.81629,32.05431,34.29263,32.06387,28.79529,33.89119,32.65215,38.8774,37.8216,33.69907,34.78462,31.25562,35.50571,33.76221,35.12444,36.01896,39.46852,34.79027,40.21584,34.84413,40.46537,34.53444,41.46334000000001,34.75436,41.14552,40.90521,30.53008,39.71016,33.19871,35.67477,41.78496,41.78279,41.30696,41.49369,41.34713,41.74783,41.69989,42.18531,41.86544,41.85463,40.91494,41.61871,41.23758,41.46334000000001,41.13485,41.61004,,40.72911,40.77781,40.96425,41.17825,41.48121,40.8974,41.11075,40.59393,40.98883,40.30456,41.08931,41.0231,41.55109,41.3336,41.87673,41.45986,40.9686,40.66206,41.16873,40.59817,41.05808,40.71827,41.09921,40.90031,38.18808,40.41577,41.14723,40.8266,41.0316,40.92481,40.96009,40.296,40.62458,39.734,41.21692,39.94292,41.18216,40.82631,41.12,40.60456,38.31529,40.62927,40.80302,39.80819,40.99479,40.95754,41.39575,40.17223,40.91883,40.46404,40.29054,40.63317,41.07206,40.19377,40.71348,37.66477,40.61694,40.72325,41.07037,40.17168,41.67394,40.88129,41.23663,38.09244,41.43192,41.06908,40.81021,40.99482,40.52912,40.31098,40.4635,40.18106,40.69471,40.37585,37.62342,41.46334000000001,6341.09238
2022-10-01 10:00:00,760.5106,,56.683,56.04214,56.54337718749999,56.18039,55.93179,55.39519,55.88079,54.02412,56.33633,56.54337718749999,56.45323,55.14154,55.62646,54.62819,50.43371,51.84892,46.13817,56.22654,55.1415,51.69594,51.73115,47.63942,55.48652,54.58767,55.63294,53.42054,50.98,54.89219,50.981,46.436,55.67623,48.75579,54.90609,47.36248,48.03452,47.94175,56.54337718749999,50.89539,43.21581,53.81958,46.10463,51.43315,48.81089,55.39217,53.6365,47.46258,50.16135,47.28375,47.00208,51.65129,53.97958,52.75269,46.61871,54.263,47.23162,48.56427,50.08471,48.18702,53.91106,54.22911,47.5374,54.53469,47.7906,55.18921,47.4809,56.54337718749999,47.91356,56.29348,55.96979,42.58237,54.34456,46.29752,54.78242,56.58273,56.84292,56.27479,56.44202,56.48246,56.80477,56.8414,57.33527,56.88977,57.05554,56.38075,56.73083,56.27158,56.54337718749999,55.97275,56.49733,,55.55965,55.67342,55.90662,56.14869,55.98587,55.95113,56.06139,55.45727,55.86415,55.31792,55.90589,56.00783,56.48466,56.38679,57.07667,56.52531,55.99812,55.78081,56.1456,55.79356,56.0926,55.84758,56.17177,55.99871,52.17119,55.141,56.12904,55.77942,55.61358,55.81866,55.97321,55.19373,55.73781,54.73354,56.33942,54.95571,56.27983,55.91486,56.22248,55.67561,51.99083,55.71123,55.77056,54.8025,56.12296,56.0905,56.6114,55.35715,56.16975,55.44915,55.25398,55.66994,56.19389,55.18923,55.59061,51.64987,55.77294,55.65966,52.79716,54.96821,56.83425,55.8615,56.27731,51.99796,56.55093,55.97879,56.08633,56.08812,55.80664,55.38244,55.5495,54.85281,55.91204,55.28685,51.75235,56.54337718749999,8868.6619159375
2022-10-01 11:00:00,932.3624,,61.21023,61.06129,61.393820625000004,62.01144,61.26527,60.08519,61.07731,58.32621,61.04765,61.393820625000004,60.86894,61.37998,60.08788,61.26564,61.03381,59.4785,46.03075,61.32754,61.21466,59.68417,61.21227,61.06283,61.02352,61.25956,61.30844,61.29766,61.27173,61.17698,61.14467,60.47033,61.91014,59.97086,61.16563,60.9565,55.53389,60.24169,61.393820625000004,59.8191,50.1325,61.1774,53.82283,61.04325,59.88813,61.22106,61.43554,54.75911,61.842,58.31325,54.47856,60.13669,61.28971,60.86686,54.21785,61.39846,60.95315,55.75454,54.99902,55.47858,61.33881,61.0774,54.48583,60.0369,55.06888,61.34515,54.87152,61.393820625000004,55.55754,61.37906,61.21754,49.82342,61.32752,53.92958,61.16941,60.16544,61.30927,61.099,60.9284,60.90919,60.96827,60.98579,61.37952,60.12338,60.96114,61.0714,61.01831,61.09819,61.393820625000004,60.14021,60.95675,,60.90327,60.94754,60.9864,61.17385,59.15425,61.07604,61.48289,60.78085,61.08342,60.83798,61.12006,61.13877,61.47627,61.03115,61.1689,60.99952,61.11573,61.55819,61.11656,61.22958,61.10625,61.11873,61.08615,61.32356,59.36234,60.96777,60.82496,60.96771,59.29231,61.20233,61.11166,61.15573,61.18452,60.99546,61.48885,61.10527,61.24992,61.21835,60.90854,61.25069,58.95944,61.045,60.74725,60.14067,61.1601,61.02927,61.07565,61.25891,61.03777,61.12281,61.28229,52.19444,61.18702,61.05727,60.08281,59.36894,61.24671,61.16598,50.49858,60.14211,60.9135,61.20119,60.93977,59.26154,61.21148,59.98604,61.03806,60.80083,61.17969,61.0264,60.93884,61.03561,61.41196,61.19463,59.51517,61.393820625000004,9851.962723125
2022-10-01 12:00:00,1026.609,,61.24167,61.051,61.47279093749999,62.01937,61.30252,60.09302,61.11706,61.24538,61.0511,61.47279093749999,60.88081,61.44144,60.09067,61.33319,61.08004,60.71046,47.49313,61.36737,61.29863,61.04523,61.24635,61.3265,61.05956,61.31483,61.33994,61.33777,61.4151,61.22398,61.23236,61.3054,61.96302,61.38906,61.21212,61.45884,57.46748,61.27477,61.47279093749999,61.29565,51.74865,61.29865,56.07927,61.29506,60.20496,61.27302,61.51352,56.64808,62.01262,60.09362,56.39406,60.14775,61.48202,61.29284,56.49364,61.42819,61.41727,57.26594,45.51498,57.02459,61.42456,61.18871,55.2354,60.02877,56.47356,61.39583,56.49381,61.47279093749999,57.25694,61.43294,61.26456,51.54996,61.48852,55.78946,61.20554,60.16831,61.33037,61.14162,60.9374,60.9475,60.97802,61.03091,61.41723,60.12144,60.99319,61.10838,61.04994,61.13894,61.47279093749999,60.14863,60.96131,,60.92917,60.99119,61.00644,61.20933,59.12613,61.14487,61.54821,60.80064,61.11094,60.84315,61.13325,61.16069,61.4884,61.05962,61.20275,61.03015,61.14394,61.59911,61.12817,61.31567,61.12933,61.17323,61.12367,61.39173,60.37961,60.95233,60.83604,61.00375,59.32646,61.23223,61.12833,61.19712,61.23219,61.02827,61.54123,61.13598,61.30973,61.21727,60.95198,61.28435,59.89554,61.05767,60.7439,60.14404,61.18837,61.0295,61.10369,61.29667,61.08475,61.15858,61.33456,59.73644,61.22779,61.11213,60.07971,61.27727,61.30579,61.19944,51.83094,60.14502,60.94129,61.2256,60.93731,60.22992,61.22131,59.99221,61.0755,60.80596,61.23892,61.04684,60.95531,61.10046,61.46065,61.21518,61.40025,61.47279093749999,9902.764414687499
2022-10-01 13:00:00,1037.575,,61.26119,61.05708,61.48950312500001,62.01794,61.3209,60.09283,61.14167,61.27402,61.06886,61.48950312500001,60.89377,61.4736,60.09548,61.36658,61.09221,60.52692,47.57098,61.38698,61.3376,60.8316,61.26473,61.35773,61.07954,61.33815,61.37594,61.35996,61.43881,61.24775,61.25981,61.3346,61.97779,61.42246,61.23773,61.48135,57.68735,61.30673,61.48950312500001,61.32429,51.8479,61.33036,56.17767,61.32017,60.20508,61.29921,61.55412,56.704,62.01081,60.09046,56.39869,60.14398,61.52319,61.32417,56.50196,61.45252,61.45048,57.39973,50.07777,57.12288,61.44242,61.20377,55.36185,60.03002,48.72742,61.41111,56.88618,61.48950312500001,57.6504,61.45341,61.2825,52.0285,61.51569,56.10367,61.22367,60.167,61.35046,60.69621,60.95462,60.45721,60.99657,60.576,61.44319,60.12621,60.50571,61.12556,61.08275,60.62725,61.48950312500001,60.14973,60.4581,,60.93371,60.48925,61.02194,61.21767,59.13498,61.16744,61.58546,60.80885,61.12938,60.8486,61.15144,61.17089,60.98042,61.07613,61.21965,60.52133,60.62523,61.62986,61.12927,61.34436,61.14919,61.19598,61.15152,61.40723,59.99836,60.38998,60.4734,61.02013,59.09352,61.24987,60.64777,61.20598,61.25077,60.54548,61.57562,60.43,60.96469,60.70298,60.97921,60.805,59.75439,61.07373,60.74942,60.14048,60.68707,61.04456,61.11906,61.32371,61.09948,61.17238,60.84471,60.11442,60.74608,60.46383,60.08181,60.6426,61.34389,61.21487,51.21067,60.14746,60.95717,61.23658,60.94477,60.06464,61.21725,59.99592,61.08042,60.82261,61.25496,61.06041,60.96146,61.12185,61.50079,61.215,61.33206,61.48950312500001,9890.887825625001
2022-10-01 14:00:00,954.4313,,61.2615,60.91523,61.29755343749999,61.65771,61.1711,60.04827,61.08863,58.56617,60.9999,61.29755343749999,60.9,61.46096,60.08737,61.35029,61.05315,58.2645,45.81206,61.39573,61.38273,58.77379,61.28475,61.37987,61.06825,61.35917,61.36264,61.37475,61.4664,61.11263,61.2739,60.68681,61.69781,60.23094,61.09044,60.95419,54.92646,60.47827,61.29755343749999,59.48219,49.25682,61.07446,53.29581,60.70692,59.46179,61.17667,61.33454,53.95075,61.35992,59.80511,53.58154,60.11977,60.69533,60.151,53.2696,61.23633,61.04662,54.30102,47.16142,54.04365,61.04815,60.7891,53.12365,59.76794,44.74246,61.13981,53.79773,61.29755343749999,54.70327,61.47296,61.29569,49.67298,61.1561,53.14846,61.22525,60.04459,61.00671,60.80702,60.67125,60.7789,60.81529,60.9255,61.29688,60.12965,60.94294,60.88094,60.87927,60.8221,61.29755343749999,59.97511,60.72769,,60.4026,60.58058,60.64379,60.87706,59.15952,60.82938,60.96952,60.381,60.62977,60.31333,60.60788,60.75394,61.03467,60.82087,61.10631,60.87054,60.81471,61.17142,60.78717,60.95296,60.80534,60.85558,60.81502,61.02394,57.39752,60.30769,60.55213,60.66,59.29252,60.74942,60.79013,60.70892,60.89723,60.45539,61.25438,60.74256,61.08102,60.96671,60.78323,60.94481,57.15033,60.78585,60.42223,59.75634,60.96817,60.8154,60.99627,60.93565,60.87909,60.74623,60.76789,59.47038,60.96209,60.68896,59.85329,57.84027,60.93177,60.83608,48.97146,59.78064,60.8325,60.90544,60.66075,57.4981,60.98817,59.97293,60.80896,60.66336,60.90992,60.67923,60.59115,60.53219,61.12444,60.70737,58.0219,61.29755343749999,9791.9681471875
2022-10-01 15:00:00,800.7806,,54.905,53.98875,54.950973437500004,54.14356,54.21225,53.75669,54.28858,54.31073,54.34735,54.950973437500004,54.83414,55.25425,54.1525,55.02729,54.68715,50.42871,40.12344,55.15498,56.40308,51.23244,56.62746,56.68496,54.73769,56.43544,55.23481,56.56552,55.72712,54.27375,55.5574,53.24269,54.72444,52.15502,54.27071,53.51139,47.68879,52.603,54.950973437500004,51.42287,42.65136,54.08604,45.84804,52.94746,51.53927,54.30898,54.08792,46.5796,53.50535,52.61963,46.18084,53.83892,52.49573,51.52592,45.32702,53.78817,53.13654,46.52944,47.83765,46.25952,53.27221,52.89198,45.77589,52.44825,38.53604,53.53115,46.27673,54.950973437500004,47.34866,55.1454,54.93196,43.31442,53.43713,46.16011,54.73,53.53229,53.13636,53.08652,53.17277,53.45704,53.56136,53.86169,54.24892,54.25873,54.08788,53.36063,53.65319,53.10316,54.950973437500004,53.01194,53.36911,,52.34508,52.73161,52.86296,53.22894,53.00029,53.13579,52.82942,52.49573,52.60896,52.18127,52.56923,52.87088,53.13192,53.30898,54.15908,53.64773,53.13192,53.33165,53.10971,53.24254,53.1269,53.32619,53.17248,53.37904,49.25225,52.30783,53.00929,53.00296,52.77269,52.87931,53.01212,52.59875,53.0151,52.23492,53.56423,52.75579,53.51223,53.37479,53.46179,53.24631,49.21835,53.23306,52.76371,52.26661,53.63379,53.38406,53.93811,52.95779,53.55521,52.83752,52.611,53.3296,53.34277,52.65954,52.73294,49.36919,53.04667,52.97204,41.98298,52.37215,53.99379,53.34302,53.28889,49.50167,53.66281,53.56227,53.2726,53.58987,53.12685,52.93913,52.839,52.38165,53.26767,52.62073,49.44456,54.950973437500004,8613.2339971875
2022-10-01 16:00:00,586.6194,,40.54654,39.77921,40.96715968750001,40.13452,40.05098,39.82298,40.13356,38.73066,40.15261,40.96715968750001,40.5625,41.41964,40.1534,41.09331,40.98212,37.27792,30.02448,40.89658,42.45592,38.07792,42.73161,42.87573,40.76248,42.79154,41.26537,42.88225,42.00221,40.4026,41.9615,40.03475,40.79133,38.82908,40.50635,39.78127,35.5755,38.7271,40.96715968750001,37.8985,31.62658,40.14796,34.04323,39.20483,38.03308,40.0714,40.06331,34.69308,39.59279,38.44373,34.33894,39.83875,38.72742,37.77636,33.41471,39.62531,39.18952,34.25242,40.82458,34.00675,39.52706,39.0309,33.82787,38.87071,29.85958,39.60908,34.36473,40.96715968750001,35.28298,40.78735,40.6894,32.578,39.72488,34.58081,40.73754,39.64292,38.95132,39.24329,39.20065,39.38541,39.42415,39.70654,40.03817,39.97423,39.82294,39.33598,39.59202,39.08815,40.96715968750001,39.11308,39.32396,,38.625,38.83227,39.05258,39.28998,39.10073,39.23548,38.99671,38.71363,38.77502,38.40411,38.81269,39.07208,39.2714,39.32752,39.93064,39.61302,39.24236,39.48286,39.18221,39.26194,39.21675,39.41148,39.22575,39.35038,36.40179,38.59412,39.10585,39.08492,39.00002,38.98715,39.17535,38.86665,39.12696,38.52531,39.60294,38.91856,39.53529,39.43333,39.45831,39.414,36.50931,39.41425,38.92085,38.62954,39.6329,39.41985,39.797,39.03196,39.53067,39.01115,38.91519,39.44498,39.39421,38.81494,38.98679,36.44516,39.16858,39.01857,31.10127,38.73619,39.87508,39.44583,39.401,36.53848,39.70565,39.36446,39.25365,39.469,39.12583,38.86794,38.977,38.67454,39.34361,38.77086,36.36929,40.96715968750001,6381.9409884375
2022-10-01 17:00:00,322.2065,,21.12821,20.67133,21.8804303125,20.94162,20.98123,20.95062,21.04819,21.4875,21.02962,21.8804303125,21.25231,22.42429,21.20658,22.16825,22.21067,19.54033,16.89702,21.53054,23.16446,20.20648,23.45627,23.63906,21.60304,23.69658,22.05156,23.77398,23.08023,21.40815,22.99252,21.75385,21.60671,20.89856,21.53677,21.12754,18.93361,20.23162,21.8804303125,19.81161,16.52729,21.27917,17.84514,20.73894,19.91748,20.99916,21.08519,18.40789,20.66254,19.70394,17.95362,20.74248,20.17706,19.33043,17.11904,20.68642,20.23929,17.66348,21.44311,17.52552,20.7675,20.38815,17.48583,20.29577,17.94529,20.63829,18.01561,21.8804303125,18.73158,21.26369,21.26723,17.55852,20.88469,18.52902,21.47811,20.47638,19.90384,20.21437,20.09621,20.21171,20.18031,20.45025,20.67979,20.62041,20.41641,20.27535,20.39013,20.09158,21.8804303125,20.13313,20.12308,,19.80906,19.9814,20.09838,20.33371,20.0414,20.26967,20.04259,19.93348,19.88302,19.711,19.94754,20.17063,20.26046,20.26102,20.59654,20.40954,20.19858,20.49252,20.15985,20.23475,20.20748,20.40317,20.11992,20.33583,18.71571,19.95275,20.04975,20.13021,20.08502,20.0964,20.20002,20.06706,20.13504,19.83581,20.52075,20.10366,20.42585,20.41858,20.29279,20.4954,18.92763,20.45727,19.98963,19.89663,20.56161,20.396,20.55486,20.17871,20.44761,20.211,20.17425,20.54431,20.3271,20.06556,20.13613,18.88408,20.18341,20.13309,16.20746,20.00023,20.71725,20.62087,20.49496,19.04185,20.69477,20.4124,20.29361,20.49225,20.16519,20.02737,20.133,20.10044,20.4237,20.06638,18.77287,21.8804303125,3335.5623015625
2022-10-01 18:00:00,58.62674,,3.472729,3.362458,3.8603255625,3.44625,3.522792,3.594771,3.501354,3.726834,3.473,3.8603255625,3.445271,4.092834,3.656125,3.9615,3.975833,3.191313,4.314083,3.604771,4.216647,3.403959,4.354292,4.378083,3.553313,4.471812,3.780021,4.555438,4.380813,3.576521,4.21102,3.898604,3.639708,3.747708,3.663354,3.885604,3.216458,3.589041,3.8603255625,3.402021,2.718709,3.647896,2.957375,3.57323,3.512687,3.428563,3.596729,3.236,3.417542,3.3145,2.960375,3.627521,3.380042,3.144583,2.949521,3.523708,3.305625,2.826354,3.551521,2.854646,3.51825,3.381708,2.773771,3.499042,3.033458,3.387375,2.967958,3.8603255625,3.318313,3.524979,3.521271,3.117771,3.546333,3.210333,3.633479,3.324708,3.168209,3.083875,3.005083,3.128625,3.042667,3.216208,3.337188,3.431083,3.07875,3.207792,3.159854,3.1475,3.8603255625,3.196458,3.025187,,2.905271,3.094313,2.976896,3.313188,2.911167,3.157146,2.973687,3.069417,2.926521,3.016292,3.035375,3.203063,3.138896,3.145417,3.290771,2.914291,2.89625,3.221917,2.956084,3.066042,2.949333,3.182208,2.899229,3.142416,2.778438,3.102521,2.896521,3.070708,3.002312,3.111833,2.791313,3.007083,2.706063,2.965521,2.964541,3.004167,2.8205,3.107458,2.724896,3.183563,2.8375,3.108459,2.708771,3.103583,3.217646,2.958375,2.997062,3.150312,2.952812,3.169063,2.910229,3.363583,2.888937,3.067562,2.856979,2.911979,2.748958,3.073937,2.801021,3.092562,3.169708,3.367312,3.123354,3.091437,3.295354,3.278958,3.044375,3.258333,2.967708,3.10225,2.894563,3.194833,3.094875,3.135875,2.971896,3.8603255625,538.6151068125
2022-10-01 19:00:00,0.0,,0.0,0.0,0.0,0.0,0.0,0.0,0.0,0.0,0.0,0.0,0.0,0.0,0.0,0.0,0.0,0.0,0.0,0.0,0.0,0.0,0.0,0.0,0.0,0.0,0.0,0.0,0.0,0.0,0.0,0.0,0.0,0.0,0.0,0.0,0.0,0.0,0.0,0.0,0.0,0.0,0.0,0.0,0.0095,0.0,0.0,0.0,0.0,0.02016667,0.0,0.1219155,0.0,0.0,0.036,0.0,0.0,0.0,0.02666667,0.0,0.0,0.0,0.0,0.1708231,0.0,0.0,0.0,0.0,0.0,0.0,0.0,0.0,0.0,0.0,0.0,0.0,0.0,0.0,0.0,0.0,0.0,0.0,8.333333e-05,0.02222222,0.0,0.0,0.0,0.0,0.0,0.0,0.0,,0.0,0.0,0.0,8.333333e-05,0.0,0.0,0.0,0.0,0.0,0.0,0.0,0.0,0.0,0.0,0.0,0.0,0.0,0.0,0.0,0.0,0.0,0.0,0.0,0.0,0.0,0.0,0.0,0.0,0.0,0.0,0.0,0.0,0.0,0.0,0.0,0.0,0.0,0.0,0.0,0.0,0.006666667,0.0,0.0,0.0,0.0,0.0,0.0,0.0,0.0,0.0,0.0,0.003083333,0.0,0.0,0.0,0.0,0.0,0.0,0.1382942,0.0,0.0,0.0,0.0,0.0,0.01616667,0.0,0.0,0.0,0.0,0.0,0.0,0.0,0.0,0.0,0.0,,0.57167169666
2022-10-01 20:00:00,0.0,,,,,,,,,,,,,,,,,,,,,,,,,,,,,,,,,,,,,,,,,,,,,,,,,,,,,,,,,,,,,,,,,,,,,,,,,,,,,,,,,,,,,,,,,,,,,,,,,,,,,,,,,,,,,,,,,,,,,,,,,,,,,,,,,,,,,,,,,,,,,,,,,,,,,,,,,,,,,,,,,,,,,,,,0.0
2022-10-01 21:00:00,0.0,,,,,,,,,,,,,,,,,,,,,,,,,,,,,,,,,,,,,,,,,,,,,,,,,,,,,,,,,,,,,,,,,,,,,,,,,,,,,,,,,,,,,,,,,,,,,,,,,,,,,,,,,,,,,,,,,,,,,,,,,,,,,,,,,,,,,,,,,,,,,,,,,,,,,,,,,,,,,,,,,,,,,,,,0.0
2022-10-01 22:00:00,0.0,,,,,,,,,,,,,,,,,,,,,,,,,,,,,,,,,,,,,,,,,,,,,,,,,,,,,,,,,,,,,,,,,,,,,,,,,,,,,,,,,,,,,,,,,,,,,,,,,,,,,,,,,,,,,,,,,,,,,,,,,,,,,,,,,,,,,,,,,,,,,,,,,,,,,,,,,,,,,,,,,,,,,,,,0.0
2022-10-01 23:00:00,0.0,,,,,,,,,,,,,,,,,,,,,,,,,,,,,,,,,,,,,,,,,,,,,,,,,,,,,,,,,,,,,,,,,,,,,,,,,,,,,,,,,,,,,,,,,,,,,,,,,,,,,,,,,,,,,,,,,,,,,,,,,,,,,,,,,,,,,,,,,,,,,,,,,,,,,,,,,,,,,,,,,,,,,,,,0.0
2022-10-02 00:00:00,0.0,,,,,,,,,,,,,,,,,,,,,,,,,,,,,,,,,,,,,,,,,,,,,,,,,,,,,,,,,,,,,,,,,,,,,,,,,,,,,,,,,,,,,,,,,,,,,,,,,,,,,,,,,,,,,,,,,,,,,,,,,,,,,,,,,,,,,,,,,,,,,,,,,,,,,,,,,,,,,,,,,,,,,,,,0.0
2022-10-02 01:00:00,0.0,,,,,,,,,,,,,,,,,,,,,,,,,,,,,,,,,,,,,,,,,,,,,,,,,,,,,,,,,,,,,,,,,,,,,,,,,,,,,,,,,,,,,,,,,,,,,,,,,,,,,,,,,,,,,,,,,,,,,,,,,,,,,,,,,,,,,,,,,,,,,,,,,,,,,,,,,,,,,,,,,,,,,,,,0.0
2022-10-02 02:00:00,0.0,,,,,,,,,,,,,,,,,,,,,,,,,,,,,,,,,,,,,,,,,,,,,,,,,,,,,,,,,,,,,,,,,,,,,,,,,,,,,,,,,,,,,,,,,,,,,,,,,,,,,,,,,,,,,,,,,,,,,,,,,,,,,,,,,,,,,,,,,,,,,,,,,,,,,,,,,,,,,,,,,,,,,,,,0.0
2022-10-02 03:00:00,0.0,,,,,,,,,,,,,,,,,,,,,,,,,,,,,,,,,,,,,,,,,,,,,,,,,,,,,,,,,,,,,,,,,,,,,,,,,,,,,,,,,,,,,,,,,,,,,,,,,,,,,,,,,,,,,,,,,,,,,,,,,,,,,,,,,,,,,,,,,,,,,,,,,,,,,,,,,,,,,,,,,,,,,,,,0.0
2022-10-02 04:00:00,0.0,,,,,,,,,,,,,,,,,,,,,,,,,,,,,,,,,,,,,,,,,,,,,,,,,,,,,,,,,,,,,,,,,,,,,,,,,,,,,,,,,,,,,,,,,,,,,,,,,,,,,,,,,,,,,,,,,,,,,,,,,,,,,,,,,,,,,,,,,,,,,,,,,,,,,,,,,,,,,,,,,,,,,,,,0.0
2022-10-02 05:00:00,0.0,,,,,,,,,,,,,,,,,,,,,,,,,,,,,,,,,,,,,,,,,,,,,,,,,,,,,,,,,,,,,,,,,,,,,,,,,,,,,,,,,,,,,,,,,,,,,,,,,,,,,,,,,,,,,,,,,,,,,,,,,,,,,,,,,,,,,,,,,,,,,,,,,,,,,,,,,,,,,,,,,,,,,,,,0.0
2022-10-02 06:00:00,0.0,,0.0,0.0,0.0,0.0,0.0,0.0,0.0,0.0,0.0,0.0,0.0,0.0,0.0,0.0,0.0,0.0,0.0,0.0,0.0,0.0,0.0,0.0,0.0,0.0,0.0,0.0,0.0,0.0,0.0,0.0,0.0,0.0,0.0,0.0,0.0,0.0,0.0,0.0,0.0,0.0,0.0,0.0,0.0,0.0,0.0,0.0,0.0,0.0,0.0,0.0,0.0,0.0,0.0,0.0,0.0,0.0,0.0,0.0,0.0,0.0,0.0,0.0,0.0,0.0,0.0,0.0,0.0,0.0,0.0,0.0,0.0,0.0,0.0,0.0,0.0,0.0,0.0,0.0,0.0,0.0,0.0,0.0,0.0,0.0,0.0,0.0,0.0,0.0,0.0,,0.0,0.0,0.0,0.0,0.0,0.0,0.0,0.0,0.0,0.0,0.0,0.0,0.0,0.0,0.0,0.0,0.0,0.0,0.0,0.0,0.0,0.0,0.0,0.0,0.0,0.0,0.0,0.0,0.0,0.0,0.0,0.0,0.0,0.0,0.0,0.0,0.0,0.0,0.0,0.0,0.0,0.0,0.0,0.0,0.0,0.0,0.0,0.0,0.0,0.0,0.0,0.0,0.0,0.0,0.0,0.0,0.0,0.0,0.0,0.0,0.0,0.0,0.0,0.0,0.0,0.0,0.0,0.0,0.0,0.0,0.0,0.0,0.0,0.0,0.0,,0.0
2022-10-02 07:00:00,19.31507,,1.919229,2.953021,0.0,2.820479,2.678271,2.715896,2.269208,2.134708,3.300208,0.0,2.82775,1.417979,3.031125,1.116146,1.014729,2.521271,0.9502708,2.179083,0.7055833,1.603333,1.106604,0.8864791,1.8085,0.9438958,1.194354,1.072896,0.9799792,1.287958,0.9007707,1.067875,1.254063,1.23025,1.5615,1.201833,1.383417,1.327958,0.0,1.377771,1.477979,1.55975,2.029333,1.279583,1.254271,2.077521,1.040854,1.598354,1.003208,1.409125,1.544833,1.47525,1.826062,1.900083,3.062708,2.3855,1.180917,2.914896,1.3465,1.797437,2.246771,2.249792,3.279021,2.477708,3.034917,2.225271,2.872208,0.0,3.030792,2.342625,1.881229,2.139188,1.723833,2.321687,1.533062,4.599751,4.169459,4.098793,4.220417,3.89375,4.347896,3.756437,4.623249,4.584146,4.250583,4.129521,4.284105,4.133293,0.0,3.991772,4.468772,,4.149937,3.287479,4.054103,3.854063,4.324208,3.318521,4.027897,3.553937,4.162167,3.811145,4.243437,4.130853,4.412022,4.08623,4.274687,4.01952,3.867416,3.31975,4.042187,2.746792,4.105209,3.388604,3.963374,3.491584,3.6955,4.02748,4.031541,3.849084,4.194355,3.665728,3.898145,3.134687,3.45025,3.217708,3.822354,3.118438,3.667312,3.291146,3.391146,3.05475,4.024438,3.121146,4.012104,3.070354,3.013916,3.590062,3.592437,3.031708,3.50627,3.386105,3.405458,3.384958,3.5865,3.053167,3.850729,3.095417,3.397021,3.38373,3.998647,3.361687,3.611312,3.2065,3.808813,3.193458,3.905291,3.530437,3.568271,3.428853,3.368084,3.194146,3.63075,3.231584,3.498667,3.481979,2.943166,,460.43051690000004
2022-10-02 08:00:00,266.0625,,21.67489,22.06544,22.743184375000002,21.72536,21.73056,21.88794,21.57321,20.96787,22.31833,22.743184375000002,22.13348,16.74183,21.97827,13.94744,13.91423,20.1176,13.99898,21.69867,13.84704,19.26484,12.38537,9.495939,20.78844,8.32502,19.97562,10.02115,9.124043,20.08581,8.582105,10.79298,20.54781,11.67502,19.86269,11.00917,17.1131,13.82952,22.743184375000002,15.73308,15.74104,15.97833,16.66131,12.9391,10.48956,20.57098,9.017625,17.74161,11.00325,11.21573,17.18283,12.04471,18.43304,18.54956,17.98992,16.84581,13.304,19.36754,14.39698,18.12552,15.63815,19.84246,19.54918,20.77231,18.75198,20.27079,18.38367,22.743184375000002,18.49937,21.82748,21.53954,15.65154,20.91236,17.283,18.23096,22.98409,23.07637,22.53631,22.76127,22.57604,22.94589,22.79073,23.32229,23.21962,22.871,22.56102,22.74498,22.54308,22.743184375000002,22.33666,22.8675,,22.40454,22.35154,22.45012,22.66142,22.87667,22.08621,22.48227,22.19648,22.47783,21.80725,22.60662,22.41817,22.85131,22.56108,22.93498,22.69394,22.40606,22.03852,22.62033,21.80696,22.59915,22.03379,22.49423,22.14988,20.89923,22.21798,22.56477,22.29884,22.56598,22.39525,22.43794,21.79465,21.90979,21.3809,22.46023,21.42419,22.3464,22.21552,22.18121,22.0965,21.25056,22.03933,22.3449,21.52909,22.35006,22.36379,22.54985,21.60871,22.26067,21.9101,21.87454,21.96425,22.38161,21.59398,22.29087,20.40458,21.91788,22.16335,22.508,21.78787,22.85254,22.21879,22.70091,20.72498,22.85766,22.32444,22.24356,22.25902,22.02229,21.73175,22.16106,21.75669,22.20465,22.05787,20.34152,22.743184375000002,3282.2873038749995
2022-10-02 09:00:00,539.0916,,42.48119,41.98598,42.541543749999995,41.95964,41.72564,41.54335,41.66981,40.97567,42.3504,42.541543749999995,42.34125,37.62917,41.7906,36.10481,33.55477,38.71321,35.63254,41.89425,37.38134,38.1515,33.59362,30.75904,41.2001,34.6074,41.10461,32.80558,31.1405,40.58818,29.82727,30.09608,41.31629,31.10529,40.56162,32.04958,35.4104,31.61104,42.541543749999995,36.41644,31.91583,37.52744,33.74398,33.19492,30.51406,40.94273,33.07231,35.21077,33.24137,30.21819,34.87452,33.15765,39.97565,38.86637,34.60794,35.77533,32.4425,36.4408,34.66021,36.03631,36.59181,40.48831,35.71906,41.21508,35.76583,41.52335,35.41981,42.541543749999995,35.64962,42.20898,41.95985,31.31166,40.73792,34.09365,38.53664,42.78019,42.79173,42.28111,42.53908,42.38488,42.78294,42.79452,43.23402,43.17092,42.91419,42.34275,42.64069,42.27983,42.541543749999995,42.12217,42.59417,,41.74502,41.85056,41.98075,42.23342,42.50258,41.92462,42.11681,41.63987,41.95677,41.36382,42.08285,42.08823,42.54507,42.36737,42.9331,42.52042,41.97868,41.76917,42.18142,41.63432,42.07221,41.81815,42.12702,41.9739,39.13333,41.45675,42.15379,41.90266,42.044,41.97935,42.02332,41.41308,41.67275,40.82159,42.27575,41.04671,42.27412,41.92139,42.20731,41.75727,39.27439,41.73259,41.73961,40.91787,42.10723,42.06689,42.51669,41.31213,42.02581,41.57025,41.41167,41.74414,42.16733,41.27952,41.80877,38.73427,41.68179,41.8424,42.05142,41.26025,42.85802,42.02883,42.39694,39.13723,42.60435,42.17917,41.94085,42.18096,41.67298,41.38406,41.60188,41.28602,41.83598,41.49863,38.68309,42.541543749999995,6520.10282875
2022-10-02 10:00:00,771.1145,,56.92873,56.28212,56.424696562499996,56.34646,56.1129,55.62508,56.14196,53.19758,56.5989,56.424696562499996,56.72004,55.40839,55.88748,54.89877,50.63281,52.05785,51.06777,56.5196,55.44119,51.88465,52.57608,48.11298,55.73465,54.79167,55.83965,54.14446,51.60667,55.12135,51.25425,47.00392,55.83833,49.03075,55.06927,47.94398,48.16825,48.05521,56.424696562499996,51.01977,43.30844,54.04598,46.28354,52.1996,49.27148,55.5089,53.94725,47.48148,50.9139,47.61008,47.12302,51.84804,54.12888,52.97346,46.7626,54.93796,48.28862,48.514,50.8651,48.27627,53.72691,54.42038,47.55177,54.74027,47.79848,55.48927,47.41402,56.424696562499996,47.97538,56.68581,56.33919,42.73298,54.69754,46.23271,55.23887,56.13179,56.30546,55.75686,56.02459,56.22794,56.40533,56.62637,56.97139,56.80534,56.72837,56.01277,56.2869,55.87342,56.424696562499996,55.64085,56.14827,,55.16808,55.515,55.53325,55.97963,55.80986,55.73083,55.64198,55.21687,55.40452,55.03369,55.41504,55.71479,55.99704,56.10748,56.8691,56.28377,55.63482,55.74169,55.81752,55.67014,55.75679,55.77621,55.86446,55.89998,51.81431,54.9729,55.79842,55.67083,55.44373,55.6751,55.75291,55.24665,55.49075,54.77887,56.08683,54.99769,56.09075,55.93763,56.02932,55.71636,51.67311,55.69894,55.35835,54.82077,56.15323,55.99004,56.60659,55.5101,56.08794,55.55091,55.11666,55.74498,56.05881,55.19419,55.44844,51.75815,55.56277,55.77421,45.68427,55.02929,56.86373,55.9731,56.22844,52.07758,56.50423,56.16454,56.00479,56.31762,55.78423,55.48148,55.4966,54.9235,55.8645,55.37888,51.88992,56.424696562499996,8869.3253128125
2022-10-02 11:00:00,937.3478,,61.23767,61.09235,61.385350937499986,61.98642,61.24384,60.09204,61.11235,60.12833,61.06491,61.385350937499986,60.85575,61.42075,60.14669,61.24094,60.99366,59.02219,43.13575,61.36625,61.28046,59.28494,61.23358,61.1999,61.09515,61.24206,61.32784,61.372,61.14298,61.20327,61.10196,60.227,61.88683,59.67223,61.13406,60.6871,55.25998,60.00048,61.385350937499986,59.6591,49.8615,61.1066,53.6145,60.88412,59.6791,61.225,61.41692,54.39508,61.62389,58.90662,54.32156,60.10039,61.1626,60.61073,54.03479,61.37096,60.99012,55.24106,58.89898,54.99396,61.20309,60.95192,53.97348,60.06252,52.27479,61.31031,54.28854,61.385350937499986,55.02388,61.40754,61.2495,49.3621,61.25519,53.33437,61.13683,60.16496,61.31227,61.1106,60.99135,60.96527,61.00375,61.07129,61.45692,60.05986,61.01043,61.12552,61.06523,61.13152,61.385350937499986,60.14927,61.00423,,60.90641,60.98863,61.00946,61.18569,59.17102,61.08929,61.52048,60.7664,61.06979,60.78384,61.12363,61.13698,61.4679,61.05071,61.19338,61.04098,61.08762,61.52517,61.11646,61.18875,61.118,61.14782,61.11227,61.33104,58.51085,60.84875,60.8545,61.01331,59.32267,61.18479,61.11454,61.08762,61.19069,60.91935,61.475,61.04525,61.31323,61.16625,60.96731,61.26679,58.13469,61.02592,60.70681,60.12152,61.17746,61.02256,61.11908,61.24325,61.06285,61.09446,61.25004,60.50788,61.21883,60.9791,60.14687,58.75454,61.24758,61.15744,49.85521,60.12859,60.94594,61.18321,60.93306,58.48065,61.22204,60.05138,61.05994,60.84906,61.23704,61.00506,60.94721,60.92467,61.44515,61.1276,58.91681,61.385350937499986,9848.668694687498
2022-10-02 12:00:00,1023.617,,61.27934,61.09606,61.49293999999998,62.01546,61.27956,60.08725,61.16425,58.41154,61.08435,61.49293999999998,60.86977,61.50225,60.14967,61.32162,61.08839,59.81621,46.89979,61.3875,61.35519,60.225,61.26921,61.29694,61.13281,61.32673,61.36475,61.43265,61.43671,61.29654,61.27748,61.33112,61.96927,61.41837,61.22652,61.46152,56.86335,61.33527,61.49293999999998,61.28563,51.25006,61.35021,55.56858,61.31825,60.20242,61.29867,61.54548,56.05079,61.88975,60.14344,56.01096,60.14369,61.54608,61.33508,55.91875,61.44444,61.40752,56.62556,57.49483,56.32073,61.39713,61.16475,54.68087,60.08707,46.30489,61.38081,55.90879,61.49293999999998,56.73071,61.44644,61.26894,51.12094,61.50108,55.22192,61.18187,60.16252,61.32914,61.17654,61.00921,60.99765,61.0134,61.11069,61.47677,60.07429,61.04383,61.15331,61.1129,61.17831,61.49293999999998,60.1436,61.00675,,60.96098,61.05242,61.04269,61.23212,59.15746,61.16992,61.61444,60.8366,61.121,60.84433,61.17265,61.19083,61.49425,61.0836,61.21329,61.05742,61.12489,61.63202,61.13023,61.27923,61.14663,61.22532,61.15171,61.42564,59.26196,60.94938,60.85602,61.06269,59.35931,61.25702,61.15764,61.21877,61.26831,61.09448,61.54948,61.17585,61.37813,61.1855,61.00896,61.33652,58.91919,61.081,60.70039,60.14181,61.20638,61.0515,61.14225,61.36214,61.10587,61.18642,61.38493,61.1805,61.27515,61.15019,60.14356,60.34569,61.33704,61.22875,50.80911,60.14475,60.96252,61.21706,60.93571,59.05652,61.22727,60.05398,61.11021,60.84623,61.29931,61.06052,60.98183,61.09694,61.53011,61.24529,60.52914,61.49293999999998,9891.002129999999
2022-10-02 13:00:00,1020.646,,61.27677,61.07783,61.654055937500004,62.02002,61.30075,60.09027,61.198,54.01929,61.07483,61.654055937500004,60.88092,61.53269,60.15604,61.36433,61.10627,59.13158,46.57565,61.41777,61.4124,59.46542,61.27771,61.34992,61.16542,61.36971,61.39969,61.43963,61.48783,61.33437,61.30879,61.3736,61.99691,61.4114,61.27231,61.48563,56.30457,61.38015,61.654055937500004,61.253,50.67713,61.38704,54.93944,61.34565,60.20921,61.33671,61.59058,55.3671,61.89646,60.14773,55.30921,60.14885,61.58662,61.32267,55.16446,61.47038,61.45509,55.92571,61.68081,55.58823,61.42848,61.20327,54.02077,60.08979,45.71156,61.40804,55.16958,61.654055937500004,56.03706,61.49157,61.31121,50.6137,61.55623,54.54356,61.20013,60.16496,60.65904,61.20981,60.50048,61.01625,60.51011,61.1124,61.49808,60.07415,61.03998,61.16383,60.60971,61.19487,61.654055937500004,60.15052,61.01075,,60.58304,61.08002,60.5375,60.72923,58.58123,61.21081,61.64581,60.83438,61.13088,60.84758,60.72502,61.22273,61.50123,60.46108,60.58823,61.07735,61.15527,61.13736,60.62794,61.33742,61.16814,65.52669,61.1814,60.81746,58.72221,60.96238,60.86725,61.09404,58.84212,61.28425,61.1596,60.85229,60.76619,61.10744,61.59161,61.18483,61.431,60.63329,61.03612,61.36569,58.25914,60.59504,60.69902,60.13594,61.21275,61.06583,61.1566,61.39725,60.60416,61.20881,61.43459,61.15617,61.31752,61.183,60.14859,59.77204,61.38915,61.2554,40.52025,60.14788,60.97381,61.22852,60.9425,58.46183,61.2251,60.05856,61.11808,60.84744,61.34598,61.07106,60.99512,61.12158,61.57896,61.26173,59.94742,61.654055937500004,9863.675649687499
2022-10-02 14:00:00,939.2045,,61.10033,60.6964,61.040666874999985,61.22017,60.85987,59.81004,60.83038,56.38363,60.73492,61.040666874999985,60.67756,61.29131,59.89754,61.06556,60.75262,57.13462,45.03071,61.1711,61.38719,57.70625,61.28671,61.34344,60.838,61.32621,61.13781,61.40054,61.31798,60.86529,61.13643,60.10427,61.29496,59.32396,60.80386,60.43935,54.03567,59.93623,61.040666874999985,58.41904,48.42792,60.80062,52.40229,60.17567,58.87167,60.8915,60.98044,52.90013,60.72379,59.40296,52.69606,59.86152,59.95673,59.05671,52.12237,60.82579,60.43098,53.12212,42.9911,52.77396,60.3741,60.14027,52.03579,59.2569,43.77677,60.54263,52.55102,61.040666874999985,53.56948,61.25687,61.05558,48.68969,60.49754,52.11921,60.91096,59.87386,60.45296,60.40688,60.39108,60.38708,60.56881,60.62879,61.11996,59.93748,60.76996,60.43933,60.64214,60.32227,61.040666874999985,59.61729,60.46962,,59.7899,60.01446,60.14348,60.31813,59.02238,60.25704,60.28256,59.75448,60.04412,59.62564,60.09702,60.13915,60.49712,60.35354,60.78908,60.43884,60.21587,60.58994,60.22675,60.40346,60.28162,60.41598,60.35852,60.55138,56.19807,59.59866,60.14133,60.18471,59.07146,60.10721,60.14779,59.96579,60.24086,59.74394,60.6404,60.1865,60.54796,60.45221,60.32633,60.48398,55.84681,60.29188,59.78929,59.278,60.5834,60.41087,60.69519,60.46954,60.52096,60.21246,60.02408,60.7359,60.49044,60.10192,59.4686,56.61348,60.32246,60.30471,30.54027,59.25462,60.61619,60.44319,60.25909,56.17279,60.66106,59.78986,60.46752,60.36663,60.54639,60.21965,60.14283,59.79394,60.66311,60.1096,56.76817,61.040666874999985,9685.804494375
2022-10-02 15:00:00,785.8019,,53.587,52.5801,53.67336531249999,52.76142,52.8121,52.43223,52.97648,53.01336,53.06267,53.67336531249999,53.47379,54.01469,52.82854,53.6986,53.38261,49.19762,39.14713,53.8515,55.19285,49.95425,55.39725,55.39819,53.49898,55.16587,53.96692,55.35446,54.43142,53.134,54.29713,52.03017,53.54875,50.99496,53.08215,52.28683,46.69061,51.41098,53.67336531249999,50.26846,41.73852,52.85723,44.9296,51.71608,50.29848,53.13325,52.84044,45.53998,52.26471,51.35192,45.26727,52.59448,51.29248,50.30367,44.23594,52.51263,51.88385,45.43697,41.36671,45.13562,52.01556,51.61385,44.73429,51.19141,37.66931,52.23104,45.18306,53.67336531249999,46.29729,53.80064,53.56741,42.34683,52.09489,45.17279,53.33669,52.21371,51.90462,51.86837,51.96864,52.1985,52.31492,52.64196,53.01894,52.96535,52.81236,52.1465,52.40604,51.89417,53.67336531249999,51.82077,52.06406,,51.18111,51.46133,51.70192,51.92712,51.79371,51.8651,51.64742,51.23927,51.41156,50.95987,51.39359,51.64577,51.90765,52.05021,52.85817,52.42327,51.86971,52.09912,51.85569,51.92558,51.9025,52.07433,51.96415,52.09369,48.1495,50.99652,51.79432,51.71879,51.57383,51.57335,51.85333,51.38258,51.86104,51.06556,52.35481,51.56079,52.37535,52.15996,52.27529,52.1195,48.10579,52.07231,51.50806,51.10325,52.38169,52.21679,52.80587,51.72317,52.42027,51.62827,51.50763,52.13536,52.22038,51.45242,51.62473,48.27281,51.89539,51.70735,26.11983,51.13627,52.7934,52.04996,51.99929,48.19585,52.44644,52.24184,52.09209,52.28327,52.00444,51.63877,51.66941,51.11116,52.15354,51.38596,48.29771,53.67336531249999,8393.951826562501
2022-10-02 16:00:00,569.4861,,38.89969,38.30727,39.41301562500001,38.60646,38.49783,38.29419,38.63406,38.87712,38.66843,39.41301562500001,39.01289,39.97298,38.6905,39.55013,39.49361,35.882,28.93121,39.35242,40.88954,36.62138,41.09456,41.22148,39.25917,41.19133,39.73964,41.39173,40.47169,38.92117,40.44633,38.52952,39.22079,37.35611,38.96108,38.28585,34.24292,37.26704,39.41301562500001,36.35575,30.43765,38.68481,32.76452,37.68015,36.53285,38.48981,38.51236,33.34698,38.0551,36.93896,32.99792,38.25613,37.18435,36.19071,32.04065,38.03296,37.60148,32.89975,39.13019,32.71621,37.9164,37.40765,32.52554,37.24683,30.34892,37.95464,33.03935,39.41301562500001,33.97623,39.03807,38.89471,31.34236,37.90564,33.3175,38.78854,38.16923,37.52979,37.74644,37.75569,37.88346,37.92925,38.21959,38.57367,38.41825,38.30858,37.8661,38.10742,37.63869,39.41301562500001,37.64635,37.78604,,37.16296,37.34021,37.57162,37.7655,37.61196,37.70585,37.52706,37.22113,37.31121,36.90615,37.3556,37.57315,37.78875,37.8229,38.38037,38.10381,37.7,37.95854,37.67525,37.67963,37.71442,37.89144,37.70781,37.83319,35.00486,37.09,37.59879,37.55129,37.4977,37.47113,37.66312,37.36552,37.61923,37.08871,38.05654,37.40317,38.06621,37.87131,37.94656,37.94831,35.08733,37.90946,37.37404,37.13598,38.09285,37.94442,38.34617,37.5891,38.07265,37.55706,37.48094,38.00948,37.90998,37.32848,37.53923,35.07061,37.65973,37.50521,19.37765,37.23536,38.44192,37.91858,37.99025,35.17823,38.25469,37.91589,37.81694,38.02272,37.73923,37.38884,37.56079,37.23152,37.94812,37.33629,35.02648,39.41301562500001,6130.524598125
2022-10-02 17:00:00,300.2181,,19.41421,19.04243,20.187164999999997,19.27904,19.28316,19.27823,19.39704,19.83439,19.3435,20.187164999999997,19.53721,20.7776,19.57048,20.46756,20.53019,17.99194,15.07514,19.84413,21.4486,18.6224,21.68513,21.85319,19.93773,21.95185,20.36382,22.11614,21.37712,19.78,21.29715,20.08429,19.91317,19.29502,19.88458,19.50337,17.4796,18.63039,20.187164999999997,18.20858,15.20496,19.67754,16.48615,19.06967,18.28006,19.31714,19.41877,16.92435,18.99804,18.09242,16.52504,19.04802,18.541,17.6991,15.67508,18.99706,18.54342,16.20348,19.68375,16.1241,19.06494,18.66467,16.07804,18.58967,16.54096,18.92666,16.55516,20.187164999999997,17.26625,19.51763,19.50173,16.21123,19.15669,17.09673,19.66525,18.79452,18.2385,18.54204,18.46533,18.57027,18.51131,18.80883,19.01331,18.92035,18.7036,18.63592,18.71308,18.44829,20.187164999999997,18.4839,18.44489,,18.16706,18.36277,18.44152,18.679,18.36116,18.61732,18.41819,18.30488,18.22521,18.08315,18.31785,18.53602,18.58752,18.60802,18.9146,18.74388,18.51138,18.831,18.4855,18.55183,18.52917,18.76306,18.45906,18.68716,17.18798,18.30252,18.3896,18.48627,18.41937,18.45917,18.54227,18.41971,18.47673,18.18987,18.82523,18.4096,18.78102,18.70333,18.63331,18.85336,17.37431,18.77542,18.30277,18.2576,18.89296,18.71823,18.88815,18.56483,18.77198,18.56352,18.53927,18.90258,18.65825,18.38858,18.49714,17.34967,18.51879,18.47115,9.874352,18.33802,19.05487,18.93243,18.82735,17.46108,19.01902,18.73183,18.64557,18.83027,18.54848,18.36046,18.47963,18.44937,18.79871,18.41183,17.24617,20.187164999999997,3061.383397
2022-10-02 18:00:00,47.86402,,2.688917,2.595521,0.0,2.665333,2.701875,2.776312,2.708458,2.904583,2.675416,0.0,2.624333,3.227313,2.853979,3.089208,3.100104,2.458937,2.358146,2.795188,3.346958,2.626312,3.426125,3.427396,2.732604,3.530625,2.905021,3.636354,3.417792,2.767167,3.307917,3.032,2.792979,2.910979,2.815562,3.051271,2.491396,2.823396,0.0,2.617042,2.083812,2.827979,2.311536,2.758125,2.744875,2.624833,2.803188,2.459125,2.653104,2.586416,2.294521,2.840333,2.614875,2.433979,2.304188,2.738354,2.559,2.161771,2.890042,2.199729,2.712875,2.594979,2.143583,2.719958,2.373,2.617292,2.275646,0.0,2.574104,2.718354,2.709313,2.415604,2.746333,2.487333,2.790896,2.520937,2.415521,2.309875,2.255479,2.381667,2.266562,2.472479,2.561917,2.625541,2.303313,2.444292,2.397687,2.398458,0.0,2.441208,2.276979,,2.144042,2.354792,2.237208,2.520729,2.122062,2.411729,2.259312,2.318917,2.099813,2.287458,2.244896,2.429792,2.338771,2.377479,2.509583,2.058771,2.081396,2.397688,2.139396,2.274312,2.202833,2.406667,2.059125,2.406354,2.064458,2.304312,2.105083,2.319938,2.216542,2.330938,1.968208,2.251021,1.917792,2.204834,2.110854,2.226104,2.049521,2.289458,1.869125,2.420938,2.073104,2.277104,1.917979,2.338729,2.4265,2.146459,2.201833,2.380854,2.194188,2.41175,2.119229,2.593646,2.111208,2.320083,2.088292,2.203333,1.99575,2.323979,1.42,2.338125,2.389625,2.579396,2.340521,2.34125,2.448375,2.4945,2.287229,2.479875,2.225875,2.366125,2.153917,2.423604,2.307937,2.393333,2.264916,,393.434363
2022-10-02 19:00:00,0.0,,0.0,0.0,0.0,0.0,0.0,0.0,0.0,0.0,0.0,0.0,0.0,0.0,0.0,0.0,0.0,0.0,0.0,0.0,0.0,0.0,0.0,0.0,0.0,0.0,0.0,0.0,0.0,0.0,0.0,0.0,0.0,0.0,0.0,0.0,0.0,0.0,0.0,0.0,0.0,0.0,0.0,0.0,0.0,0.0,0.0,0.0,0.0,0.0,0.0,0.02075,0.0,0.0,0.09914337,0.0,0.0,0.0,0.0,0.0,0.0,0.0,0.0,0.07131355,0.0,0.0,0.0,0.0,0.0,0.0,0.0,0.0,0.0,0.0,0.0,0.0,0.0,0.0,0.0,0.0,0.0,0.0,0.004583333,0.0,0.0,0.0,0.0,0.0,0.0,0.0,0.0,,0.0,0.0,0.0,0.0,0.0,0.0,0.0,0.0,0.0,0.0,0.0,0.0,0.0,0.0,0.0,0.0,0.0,0.0,0.0,0.0,0.0,0.0,0.0,0.0,0.0,0.0,0.0,0.0,0.0,0.0,0.0,0.0,0.0,0.0,0.0,0.0,0.0,0.0,0.0,0.0,0.0,0.0,0.0,0.0,0.0,0.0,0.0,0.0,0.0,0.0,0.0,0.0,0.0,0.0,0.0,0.0,0.0,0.0,0.0,0.0,0.0,0.0,0.0,0.0,0.0,0.0,0.0,0.0,0.0,0.0,0.0,0.0,0.0,0.0,0.0,,0.195790253
2022-10-02 20:00:00,0.0,,,,,,,,,,,,,,,,,,,,,,,,,,,,,,,,,,,,,,,,,,,,,,,,,,,,,,,,,,,,,,,,,,,,,,,,,,,,,,,,,,,,,,,,,,,,,,,,,,,,,,,,,,,,,,,,,,,,,,,,,,,,,,,,,,,,,,,,,,,,,,,,,,,,,,,,,,,,,,,,,,,,,,,,0.0
2022-10-02 21:00:00,0.0,,,,,,,,,,,,,,,,,,,,,,,,,,,,,,,,,,,,,,,,,,,,,,,,,,,,,,,,,,,,,,,,,,,,,,,,,,,,,,,,,,,,,,,,,,,,,,,,,,,,,,,,,,,,,,,,,,,,,,,,,,,,,,,,,,,,,,,,,,,,,,,,,,,,,,,,,,,,,,,,,,,,,,,,0.0
2022-10-02 22:00:00,0.0,,,,,,,,,,,,,,,,,,,,,,,,,,,,,,,,,,,,,,,,,,,,,,,,,,,,,,,,,,,,,,,,,,,,,,,,,,,,,,,,,,,,,,,,,,,,,,,,,,,,,,,,,,,,,,,,,,,,,,,,,,,,,,,,,,,,,,,,,,,,,,,,,,,,,,,,,,,,,,,,,,,,,,,,0.0
2022-10-02 23:00:00,0.0,,,,,,,,,,,,,,,,,,,,,,,,,,,,,,,,,,,,,,,,,,,,,,,,,,,,,,,,,,,,,,,,,,,,,,,,,,,,,,,,,,,,,,,,,,,,,,,,,,,,,,,,,,,,,,,,,,,,,,,,,,,,,,,,,,,,,,,,,,,,,,,,,,,,,,,,,,,,,,,,,,,,,,,,0.0
2022-10-03 00:00:00,0.0,,,,,,,,,,,,,,,,,,,,,,,,,,,,,,,,,,,,,,,,,,,,,,,,,,,,,,,,,,,,,,,,,,,,,,,,,,,,,,,,,,,,,,,,,,,,,,,,,,,,,,,,,,,,,,,,,,,,,,,,,,,,,,,,,,,,,,,,,,,,,,,,,,,,,,,,,,,,,,,,,,,,,,,,0.0
2022-10-03 01:00:00,0.0,,,,,,,,,,,,,,,,,,,,,,,,,,,,,,,,,,,,,,,,,,,,,,,,,,,,,,,,,,,,,,,,,,,,,,,,,,,,,,,,,,,,,,,,,,,,,,,,,,,,,,,,,,,,,,,,,,,,,,,,,,,,,,,,,,,,,,,,,,,,,,,,,,,,,,,,,,,,,,,,,,,,,,,,0.0
2022-10-03 02:00:00,0.0,,,,,,,,,,,,,,,,,,,,,,,,,,,,,,,,,,,,,,,,,,,,,,,,,,,,,,,,,,,,,,,,,,,,,,,,,,,,,,,,,,,,,,,,,,,,,,,,,,,,,,,,,,,,,,,,,,,,,,,,,,,,,,,,,,,,,,,,,,,,,,,,,,,,,,,,,,,,,,,,,,,,,,,,0.0
2022-10-03 03:00:00,0.0,,,,,,,,,,,,,,,,,,,,,,,,,,,,,,,,,,,,,,,,,,,,,,,,,,,,,,,,,,,,,,,,,,,,,,,,,,,,,,,,,,,,,,,,,,,,,,,,,,,,,,,,,,,,,,,,,,,,,,,,,,,,,,,,,,,,,,,,,,,,,,,,,,,,,,,,,,,,,,,,,,,,,,,,0.0
2022-10-03 04:00:00,0.0,,,,,,,,,,,,,,,,,,,,,,,,,,,,,,,,,,,,,,,,,,,,,,,,,,,,,,,,,,,,,,,,,,,,,,,,,,,,,,,,,,,,,,,,,,,,,,,,,,,,,,,,,,,,,,,,,,,,,,,,,,,,,,,,,,,,,,,,,,,,,,,,,,,,,,,,,,,,,,,,,,,,,,,,0.0
2022-10-03 05:00:00,0.0,,,,,,,,,,,,,,,,,,,,,,,,,,,,,,,,,,,,,,,,,,,,,,,,,,,,,,,,,,,,,,,,,,,,,,,,,,,,,,,,,,,,,,,,,,,,,,,,,,,,,,,,,,,,,,,,,,,,,,,,,,,,,,,,,,,,,,,,,,,,,,,,,,,,,,,,,,,,,,,,,,,,,,,,0.0
2022-10-03 06:00:00,0.0,,0.0,0.0,0.0,0.0,0.0,0.0,0.0,0.0,0.0,0.0,0.0,0.0,0.0,0.0,0.0,0.0,0.0,0.0,0.0,0.0,0.0,0.0,0.0,0.0,0.0,0.0,0.0,0.0,0.0,0.0,0.0,0.0,0.0,0.0,0.0,0.0,0.0,0.0,0.0,0.0,0.0,0.0,0.0,0.0,0.0,0.0,0.0,0.0,0.0,0.0,0.0,0.0,0.0,0.0,0.0,0.0,0.0,0.0,0.0,0.0,0.0,0.0,0.0,0.0,0.0,0.0,0.0,0.0,0.0,0.0,0.0,0.0,0.0,0.0,0.0,0.0,0.0,0.0,0.0,0.0,0.0,0.0,0.0,0.0,0.0,0.0,0.0,0.0,0.0,,0.0,0.0,0.0,0.0,0.0,0.0,0.0,0.0,0.0,0.0,0.0,0.0,0.0,0.0,0.0,0.0,0.0,0.0,0.0,0.0,0.0,0.0,0.0,0.0,0.0,0.0,0.0,0.0,0.0,0.0,0.0,0.0,0.0,0.0,0.0,0.0,0.0,0.0,0.0,0.0,0.0,0.0,0.0,0.0,0.0,0.0,0.0,0.0,0.0,0.0,0.0,0.0,0.0,0.0,0.0,0.0,0.0,0.0,0.0,0.0,0.0,0.0,0.0,0.0,0.0,0.0,0.0,0.0,0.0,0.0,0.0,0.0,0.0,0.0,0.0,,0.0
2022-10-03 07:00:00,21.2138,,1.616792,2.667083,0.0,2.668646,2.650938,2.604437,2.075333,1.887917,3.026021,0.0,2.809771,1.232167,2.829604,1.081521,0.988146,2.433,0.9268126,2.101792,0.6660208,1.460167,1.023625,0.8526666,1.710438,0.9110624,1.095792,1.0315,0.962229,1.210521,0.8440208,0.9922917,1.140667,1.178125,1.405771,1.132167,1.165042,1.263271,0.0,1.256208,1.318229,1.471,1.938854,1.264625,1.213563,2.090208,0.9681875,1.555125,0.9314792,1.362125,1.410854,1.372208,1.577583,1.815771,2.995542,2.222125,1.171854,2.928896,1.172104,1.634542,2.023854,2.090271,3.16025,2.410187,2.935646,2.002979,2.843062,0.0,2.983042,2.277458,1.915375,2.173729,1.601084,2.2925,1.470979,4.593229,4.232291,4.132667,4.23873,3.917396,4.376167,3.720624,4.621376,4.507521,4.199251,4.204666,4.311084,4.1805,0.0,4.025728,4.456417,,4.088707,3.235938,4.024667,3.605229,4.221542,3.268396,3.950249,3.537292,4.157228,3.638354,4.189751,4.146709,4.42548,4.082834,4.228987,3.923563,3.876312,3.072042,3.949875,2.596687,4.046833,3.100312,3.848626,3.412562,3.630125,3.913917,3.988605,3.782062,4.121625,3.674126,3.796124,3.063416,3.357022,3.124833,3.754271,3.034021,3.551853,3.207313,3.268979,2.824188,3.928584,3.023667,3.964437,2.890625,2.864604,3.517083,3.475978,2.87675,3.321271,3.152582,3.201229,3.219896,3.35748,2.874396,3.654,2.984958,3.267459,3.303895,2.883875,3.17575,3.454396,2.988312,3.662147,3.066271,3.748147,3.386291,3.41677,3.309917,3.242563,3.077187,3.487708,3.119729,3.412333,3.361583,2.85175,,444.4587816
2022-10-03 08:00:00,277.4738,,21.38264,21.97187,22.7089978125,21.67129,21.68077,21.83038,21.51833,20.84566,22.30252,22.7089978125,22.10054,16.73367,21.89131,13.93569,13.69025,20.06964,13.95477,21.64688,13.40977,19.17058,12.54067,9.506394,20.71569,8.20673,19.74162,9.742481,9.107395,19.99335,8.423353,10.30583,20.41236,11.47589,19.65469,10.666,16.94181,13.64819,22.7089978125,15.34904,15.70815,15.85417,16.64804,12.95362,10.55517,20.58912,8.786542,17.63425,10.60242,11.0381,17.1181,11.67969,17.82965,18.46185,17.92194,17.01937,13.20967,19.30798,14.2755,17.95673,15.44733,19.47634,19.81486,20.73223,18.70344,20.22715,18.33929,22.7089978125,18.38427,21.74702,21.46629,15.62202,20.84673,17.28552,18.54033,22.94231,23.06225,22.5309,22.69575,22.53308,22.90273,22.80638,23.24327,23.19565,22.83948,22.53875,22.71669,22.51544,22.7089978125,22.31342,22.83537,,22.3681,22.34464,22.38892,22.62494,22.8486,22.02708,22.41542,22.16585,22.43604,21.786,22.57206,22.38669,22.82752,22.49985,22.88406,22.686,22.40042,21.99173,22.58431,21.71046,22.55658,21.97108,22.50021,22.14325,20.87242,22.2269,22.52619,22.23677,22.55433,22.38469,22.364,21.77681,21.90129,21.30779,22.40111,21.39731,22.28452,22.19813,22.12344,22.03042,21.21096,22.03554,22.33485,21.47665,22.30831,22.35813,22.48054,21.58269,22.191,21.85898,21.76514,21.93889,22.32508,21.55525,22.2236,20.34371,21.87227,22.08623,16.01602,21.73317,22.85556,22.23883,22.67823,20.76402,22.79944,22.32219,22.19037,22.28242,21.97087,21.68223,22.07764,21.744,22.16521,22.05933,20.31673,22.7089978125,3264.7874040624997
2022-10-03 09:00:00,542.0834,,42.42698,41.91144,42.478699687500004,41.93856,41.66752,41.52079,41.66029,40.84917,42.29396,42.478699687500004,42.303,37.46806,41.69696,36.0145,33.64673,38.65421,35.2819,41.83367,37.28373,38.08411,33.49869,30.7954,41.14844,34.06879,41.04715,32.75827,31.01446,40.5445,29.74935,30.02021,41.26329,30.72129,40.55686,31.81656,35.33327,31.27323,42.478699687500004,36.2389,31.84344,37.79625,33.67125,33.15838,30.46071,40.90142,32.93415,35.189,33.10839,30.21588,34.75415,32.29877,39.85294,38.68519,34.49036,35.69493,32.39791,36.37702,34.53323,35.92765,35.68716,40.40759,35.57317,41.09935,35.61494,41.39407,35.29506,42.478699687500004,35.49762,42.0515,41.8414,31.17442,40.58381,34.04398,38.7034,42.65873,42.75723,42.21673,42.40767,42.31956,42.68858,42.7294,43.10529,43.14273,42.83165,42.25752,42.54427,42.19957,42.478699687500004,42.02023,42.44681,,41.70596,41.84242,41.92246,42.22398,42.43002,41.91823,42.0421,41.62743,41.91008,41.30313,42.01279,42.03038,42.44575,42.31381,42.87673,42.47638,41.97819,41.74448,42.15071,41.64454,42.04158,41.78894,42.14904,42.00435,39.11479,41.47065,42.13221,41.87954,41.99364,41.96413,41.99077,41.43961,41.67898,40.79609,42.26377,41.05252,42.20015,41.91035,42.18606,41.74981,39.23563,41.73814,41.75386,40.89442,42.09846,42.06488,42.47398,41.3355,42.02298,41.52108,41.36985,41.74765,42.15108,41.26688,41.72736,38.70856,41.64666,41.83094,39.89635,41.24994,42.87271,42.06527,42.36229,39.16048,42.54981,42.14437,41.93473,42.16219,41.66892,41.33602,41.5896,41.27521,41.85577,41.50473,38.66515,42.478699687500004,6506.650198437499
2022-10-03 10:00:00,766.2565,,56.63842,55.92329,56.108593124999985,55.96219,55.71788,55.25779,55.7854,53.47933,56.26331,56.108593124999985,56.42575,54.91506,55.53488,54.47615,50.27371,51.69756,38.67548,56.15594,55.01771,51.52481,52.36573,47.78725,55.36852,54.42516,55.49435,53.62471,51.13508,54.75019,50.73492,46.48162,55.47275,48.41779,54.73252,47.78571,47.86073,47.47336,56.108593124999985,50.58667,43.06696,53.62996,46.01917,51.68788,48.95833,55.23362,53.9435,47.2541,50.74406,47.27085,46.80783,50.90033,53.69296,52.60563,46.44241,54.5841,47.92894,48.26763,50.50306,48.02635,52.71029,54.10625,47.22196,54.44548,47.43992,55.19475,47.10302,56.108593124999985,47.64721,56.36229,56.0761,42.50296,54.40361,45.93344,55.00771,55.93288,56.06423,55.53463,55.74302,55.84654,56.16881,56.28073,56.68304,56.53867,56.50552,55.68568,56.03313,55.55927,56.108593124999985,55.3595,55.84381,,54.88792,55.17641,55.255,55.61533,55.59885,55.37765,55.33936,54.85744,55.137,54.64811,55.15388,55.30646,55.72688,55.70206,56.51227,55.99225,55.37952,55.35281,55.52544,55.33646,55.45377,55.39531,55.61977,55.60583,51.54492,54.66827,55.50557,55.30879,55.19227,55.33869,55.42004,54.93814,55.20165,54.40091,55.75885,54.67052,55.72729,55.56621,55.72665,55.38773,51.37281,55.3596,55.097,54.45711,55.78471,55.68156,56.25427,55.15215,55.74986,55.15094,54.74842,55.45375,55.7464,54.83239,55.10456,51.39661,55.22504,55.40577,43.90154,54.66959,56.5709,55.66087,55.87643,51.79591,56.09906,55.90029,55.62079,55.99662,55.41462,55.07973,55.12585,54.58642,55.531,55.02392,51.54956,56.108593124999985,8800.955135625
2022-10-03 11:00:00,934.1975,,61.2625,61.09367,61.379538125,61.93386,61.24567,60.09477,61.14842,54.34454,61.09264,61.379538125,60.90873,61.36283,60.15092,61.18877,60.92275,58.79417,45.48796,61.3755,61.29892,58.97535,61.25442,61.20523,61.10358,61.23231,61.3299,61.25687,61.0679,61.18965,61.02225,60.05238,61.88402,59.36858,61.14508,60.52921,55.03265,59.80298,61.379538125,59.38729,49.66021,60.96258,53.40627,60.68962,59.43802,61.27669,61.35042,54.20839,61.50816,59.01112,54.05346,60.01588,60.98306,60.38975,53.75025,61.26208,60.92346,55.14694,59.55375,54.83112,61.06477,60.85725,53.80885,60.05011,51.08046,61.27998,54.11206,61.379538125,54.80894,61.42521,61.28733,49.16767,61.161,53.18321,61.17387,60.16412,61.33727,61.14256,60.95744,60.97414,61.01873,61.09427,61.42477,60.13198,61.02302,61.12698,61.07654,61.13617,61.379538125,60.09277,60.9893,,60.89285,60.99825,61.00446,61.19998,59.18365,61.1099,61.46117,60.77473,61.05704,60.76602,61.10788,61.12025,61.45694,61.05292,61.20702,61.05871,61.12454,61.504,61.11031,61.20973,61.10556,61.13196,61.18456,61.37933,58.26346,60.8676,60.86008,61.00102,59.3561,61.18927,61.11362,61.12121,61.18833,60.88131,61.49129,61.05269,61.29152,61.16725,60.9895,61.27656,57.92606,61.04617,60.75427,60.01088,61.19452,61.06213,61.11692,61.24421,61.0715,61.07581,61.15198,61.503,61.23988,60.97136,60.14171,58.54729,61.22215,61.16892,33.15973,60.12142,60.99448,61.21092,60.9435,58.44144,61.20092,60.07663,61.06708,60.88852,61.23763,60.98133,60.92369,60.92415,61.47098,61.12431,58.74857,61.379538125,9822.292590624998
2022-10-03 12:00:00,1020.39,,61.31081,61.09925,61.52654375000001,62.01709,61.29313,60.09523,61.20873,30.97273,61.10469,61.52654375000001,60.92067,61.4871,60.15275,61.34167,61.11252,59.59164,46.6629,61.42527,61.39481,59.97319,61.30138,61.3795,61.16413,61.38683,61.38617,61.38871,61.49186,61.32586,61.29017,61.34748,61.99448,61.46306,61.30373,61.49254,56.59479,61.35685,61.52654375000001,61.32256,50.9739,61.35516,55.29333,61.32339,60.09475,61.36556,61.56556,55.78683,61.95206,60.14716,55.76662,60.15056,61.56698,61.37209,55.68942,61.44473,61.44625,56.44135,57.38625,56.16844,61.42804,61.20292,54.515,60.15667,46.10863,61.44038,55.67894,61.52654375000001,56.46663,61.48331,61.31931,50.90925,61.51714,54.96871,61.24573,60.16973,61.38406,61.24092,60.99069,61.00133,61.03802,61.11934,61.45421,60.1355,61.05356,61.17046,61.11335,61.17833,61.52654375000001,60.10133,61.00325,,61.00342,61.08643,61.07242,61.24498,59.16685,61.20839,61.61421,60.85096,61.13752,60.83873,61.20362,61.19386,61.50883,61.08177,61.24021,61.08723,61.18481,61.63144,61.15446,61.32092,61.16654,61.22092,61.23927,61.47275,59.08623,60.99219,60.87346,61.06994,59.3814,61.27696,61.17308,61.27185,61.31835,61.08454,61.58957,61.21959,61.37519,61.18175,61.03921,61.35648,58.65708,61.09144,60.77716,60.02556,61.23217,61.10391,61.15079,61.37288,61.11504,61.19139,61.403,61.68421,61.32435,61.16731,60.15002,60.11796,61.35812,61.24723,32.48491,60.15073,61.01844,61.267,60.95163,58.95227,61.21335,60.07706,61.09991,60.89582,61.32311,61.06679,60.99731,61.14413,61.58006,61.2706,60.17437,61.52654375000001,9843.729568749997
2022-10-03 13:00:00,1018.328,,61.30585,61.10667,61.52200125,62.0211,61.31783,60.09882,61.23643,27.10604,61.10738,61.52200125,60.93117,61.53296,60.15037,61.38266,61.12935,59.28392,46.58659,61.44575,61.42958,59.62664,61.30479,61.40804,61.17889,61.41448,61.40834,61.4005,61.52644,61.34771,61.31881,61.38252,62.01096,61.46075,61.31798,61.51021,56.41281,61.3905,61.52200125,61.27569,50.72098,61.38612,55.0401,61.35929,60.09436,61.40915,61.60194,55.513,61.95539,60.15079,55.44292,60.15481,61.60523,61.36375,55.2384,61.45365,61.48919,56.04742,47.93804,55.65667,61.45054,61.23433,54.17523,60.15719,45.82333,61.46363,55.42157,61.52200125,56.2575,61.50529,61.34192,50.8601,61.55008,54.8314,61.27184,60.16852,61.39555,60.73246,60.98481,60.50267,61.04002,60.61438,60.73471,60.13658,61.07725,61.18729,61.14337,60.51169,61.52200125,60.08979,61.00943,,61.01142,60.41931,61.08542,61.27108,59.167,60.93436,60.89744,60.86304,60.64421,60.3329,61.20636,60.6881,61.50816,61.09129,61.24344,60.39156,60.87329,61.65723,61.16339,60.95958,61.17721,61.25202,60.71767,61.51054,58.3304,60.47794,60.37065,61.10738,59.40131,60.8847,61.17284,61.29169,61.34835,60.76452,61.14254,60.73973,60.89702,61.1855,60.38696,60.86494,58.48317,61.11625,60.24727,60.02667,61.24437,61.11129,61.16975,61.41208,61.14233,61.21977,60.70412,60.12352,60.83936,60.697,60.15075,59.09375,60.87148,60.76635,32.12812,60.15136,61.04108,61.28513,60.96052,58.45894,61.22987,60.10075,61.12542,60.90494,61.34687,61.08229,61.01125,61.16846,61.62548,61.29509,59.8945,61.52200125,9807.434046249999
2022-10-03 14:00:00,944.1493,,61.15535,60.77736,61.1461221875,61.36048,60.95329,59.8824,60.94183,20.82467,60.8635,61.1461221875,60.84496,61.35119,60.02271,61.15904,60.87265,57.60342,45.28286,61.32752,61.4341,58.09242,61.32631,61.41648,61.02023,61.38514,61.27304,61.38531,61.42702,61.01954,61.21733,60.2609,61.47154,59.61256,60.97984,60.58565,54.33312,60.03206,61.1461221875,58.64288,48.77288,60.8995,52.68202,60.28923,58.90779,61.09527,61.10177,53.27063,60.90179,59.55569,53.15852,59.98323,60.10115,59.33356,52.48204,60.94112,60.5929,53.63263,48.68219,53.17296,60.56863,60.28279,52.44367,59.4645,44.08727,60.74002,52.98856,61.1461221875,53.9825,61.34642,61.15725,49.10427,60.62185,52.60883,61.00971,59.87233,60.67054,60.51802,60.39088,60.54379,60.61452,60.80367,61.10102,60.04204,60.78179,60.61341,60.68373,60.51891,61.1461221875,59.70831,60.46867,,59.98692,60.20668,60.27521,60.51635,59.02833,60.46515,60.52135,59.95156,60.24234,59.82248,60.23806,60.35379,60.64091,60.51181,60.93637,60.61064,60.44758,60.76614,60.43598,60.59648,60.44575,60.54723,60.57181,60.7525,56.57696,59.80006,60.2395,60.29331,59.14967,60.31454,60.36396,60.14902,60.48604,59.86456,60.84015,60.32604,60.72346,60.54548,60.51371,60.61663,56.28356,60.42294,60.03468,59.34144,60.72873,60.5751,60.81298,60.56727,60.65077,60.32967,60.24098,60.81375,60.71004,60.23619,59.6315,56.8504,60.50548,60.43025,30.74758,59.37215,60.71133,60.57658,60.37602,56.48735,60.715,59.86698,60.53423,60.48566,60.63279,60.34323,60.25914,60.02411,60.82613,60.28581,57.09275,61.1461221875,9683.3411609375
2022-10-03 15:00:00,792.2842,,53.52673,52.61583,53.5790953125,52.7714,52.79083,52.4034,52.95054,46.64496,52.96879,53.5790953125,53.42527,53.8741,52.75044,53.63431,53.28929,49.13767,39.10109,53.74987,55.0406,49.8946,55.27469,55.28356,53.35348,55.00096,53.86048,55.14935,54.29481,52.99681,54.09752,51.78775,53.38227,50.76904,53.01394,52.11052,46.52694,51.1629,53.5790953125,50.05698,41.61708,52.65735,44.78717,51.52596,50.10331,53.04302,52.62977,45.40384,52.0509,51.19848,44.98114,52.41956,51.08123,50.14717,44.10942,52.36575,51.80158,45.37748,44.57233,45.10538,51.90525,51.50269,44.6196,51.14473,37.56352,52.236,45.08767,53.5790953125,46.16502,53.78529,53.60848,42.26838,52.09409,45.02917,53.43529,52.17556,51.88221,51.7135,51.76319,52.19236,52.18096,52.69419,52.84314,53.00796,52.70958,52.15808,52.28783,51.8899,53.5790953125,51.8084,51.95731,,50.93956,51.49313,51.43192,51.96886,51.55635,51.92889,51.39492,51.28935,51.19733,51.01746,51.19125,51.69569,51.69711,52.11721,52.92406,52.16575,51.65673,51.97015,51.624,51.88581,51.64246,51.99337,51.75346,52.06139,47.88492,50.95158,51.51646,51.6329,51.32111,51.54535,51.62277,51.24042,51.66846,50.90204,52.0974,51.38283,52.04923,51.96833,52.04425,51.96125,47.85817,51.89487,51.32121,50.95589,52.29237,52.02404,52.52467,51.72787,52.16319,51.52964,51.21831,52.07529,51.96181,51.36802,51.34766,48.1684,51.66248,51.63225,26.00616,50.98527,52.63337,51.95448,51.7695,48.10933,52.20102,52.1505,51.86409,52.25723,51.77565,51.50219,51.44535,51.058,51.93739,51.3105,48.23273,53.5790953125,8370.5788765625
2022-10-03 16:00:00,563.7525,,38.50285,37.72371,38.908092499999995,38.10829,37.97446,37.82248,38.13546,38.28644,38.10848,38.908092499999995,38.49067,39.37756,38.11758,39.03933,38.93683,35.37486,28.53652,38.81288,40.36573,36.15727,40.61354,40.73302,38.71708,40.6511,39.22277,40.75535,39.92302,38.4081,39.83554,37.93317,38.69621,36.80418,38.50667,37.749,33.7739,36.77983,38.908092499999995,35.80896,30.02479,38.14471,32.32729,37.14708,35.99469,38.01256,37.99185,32.87279,37.55892,36.40975,32.43604,37.76677,36.6715,35.71406,31.55281,37.52067,37.15931,32.4364,38.74723,32.22702,37.47279,36.99857,32.00775,36.86377,27.07221,37.60209,32.53217,38.908092499999995,33.44994,38.66721,38.59998,30.91135,37.62994,32.8286,38.64329,37.53998,37.00052,37.13344,37.09152,37.33625,37.30225,37.68208,37.88211,37.88209,37.68148,37.34219,37.48727,37.10942,38.908092499999995,37.14802,37.17317,,36.57037,36.8065,36.94627,37.19871,36.964,37.17277,36.89463,36.66558,36.70129,36.36454,36.74015,36.98573,37.13558,37.24431,37.83856,37.50269,37.15133,37.40266,37.1055,37.17625,37.13254,37.3395,37.19052,37.34931,34.4669,36.53915,37.01692,36.98452,36.91671,36.93744,37.05384,36.83027,37.08196,36.50746,37.49798,36.85425,37.44604,37.31017,37.37875,37.38792,34.54129,37.33858,36.84133,36.60748,37.56435,37.38271,37.75746,37.04279,37.48027,36.98627,36.87727,37.46725,37.33619,36.81987,36.90886,34.5584,37.08836,36.96698,18.71506,36.68214,37.88808,37.4381,37.309,34.61285,37.6119,37.35109,37.23386,37.49308,37.16371,36.85467,36.96083,36.70312,37.38402,36.782,34.54607,38.908092499999995,6040.1958525
2022-10-03 17:00:00,293.2675,,18.952,18.53846,19.692527812499996,18.82998,18.80736,18.82519,18.92708,19.27954,18.85944,19.692527812499996,19.06952,20.2644,19.04263,19.96812,20.02762,17.54029,14.6979,19.35279,20.94563,18.15886,21.17135,21.35442,19.45996,21.44783,19.86598,21.51725,20.86048,19.30017,20.73981,19.55989,19.43669,18.78377,19.42194,19.00017,17.04515,18.15869,19.692527812499996,17.70559,14.83689,19.15435,16.07621,18.57369,17.86106,18.84796,18.91659,16.52596,18.5091,17.59542,16.08444,18.53669,18.05325,17.21367,15.22448,18.46402,18.07771,15.79973,19.22115,15.69023,18.59654,18.19544,15.66035,18.16506,14.9339,18.49548,16.14771,19.692527812499996,16.83245,19.04229,19.05498,15.84342,18.70831,16.68756,19.26888,18.30896,17.80571,18.10562,17.9656,18.0896,18.03427,18.34146,18.51021,18.43967,18.2576,18.15606,18.25056,17.98446,19.692527812499996,18.02167,17.97783,,17.72869,17.898,17.98158,18.19067,17.8996,18.15223,17.93863,17.80091,17.77033,17.58004,17.85831,18.03004,18.11165,18.10696,18.4255,18.28854,18.09094,18.33696,18.04975,18.08608,18.09842,18.27918,18.05925,18.25054,16.78437,17.84302,17.93775,18.00463,17.93586,17.98756,18.07327,17.98635,18.05571,17.70567,18.37213,17.95454,18.31383,18.22811,18.20094,18.40123,16.95996,18.31006,17.88934,17.79344,18.43262,18.27208,18.41602,18.10396,18.31846,18.08019,18.08252,18.30537,18.22879,17.93456,18.03196,16.91961,18.08021,18.01504,9.769812,17.86098,18.57854,18.48423,18.33029,17.04215,18.50879,18.23969,18.17867,18.38412,18.08442,17.88461,18.01506,18.00031,18.37683,17.94906,16.82348,19.692527812499996,2984.0058410624997
2022-10-03 18:00:00,43.4444,,2.479812,2.392917,0.0,2.482375,2.491458,2.591792,2.503562,2.6435,2.468479,0.0,2.421792,2.974979,2.605479,2.853771,2.864229,2.258917,2.176875,2.592229,3.089146,2.419125,3.189312,3.20325,2.522104,3.286208,2.651125,3.332438,3.164854,2.529271,3.033,2.783208,2.558229,2.694896,2.60975,2.791604,2.281042,2.601771,0.0,2.409667,1.883792,2.589958,2.113292,2.538063,2.559006,2.427834,2.595562,2.2905,2.422472,2.36175,2.08625,2.606875,2.382729,2.221729,2.134542,2.498938,2.338021,1.993042,2.732375,2.010042,2.505917,2.392792,1.945896,2.531209,2.164333,2.41125,2.097854,0.0,2.37,2.519792,2.510667,2.225812,2.515687,2.275875,2.571271,2.275254,2.226313,2.108396,2.017542,2.165687,2.045021,2.264042,2.299813,2.414792,2.098271,2.236854,2.165167,2.189229,0.0,2.227625,2.056541,,1.935125,2.124104,1.995146,2.298146,1.895938,2.189417,2.045729,2.108375,1.866917,2.087875,2.002021,2.209813,2.092896,2.146167,2.282938,1.799271,1.830125,2.155646,1.850854,2.03025,2.005106,2.147292,1.850729,2.210167,1.813479,2.092604,1.877667,2.080521,1.974125,2.120625,1.714854,2.066875,1.684104,1.964021,1.885334,2.001333,1.771604,2.061875,1.658687,2.194146,1.807937,2.065646,1.7285,2.089854,2.217937,1.9035,1.950938,2.169021,1.965042,2.176792,1.884125,1.662875,1.887458,2.106437,1.850896,2.01625,1.786708,2.111438,1.314333,2.132063,2.176812,2.389521,2.125563,2.178937,2.221396,2.298292,2.068208,2.289396,2.022021,2.162479,1.956542,2.241375,2.12775,2.203771,2.085104,,358.064658
2022-10-03 19:00:00,0.0,,,0.0,0.0,,0.0,0.0,,,0.0,0.0,,0.0,0.0,,0.0,0.0,,0.0,0.0,,0.0,0.0,0.0,,,0.0,0.0,,0.0,0.0,0.0,,0.0,,,0.0,0.0,,,,,0.0,0.0837933,,,0.0,0.0,0.0,0.0,0.146831,0.0,0.0,0.09095953,,,,0.007833334,0.0,0.0,0.0,0.0,0.1168404,,0.0,,0.0,0.0,0.0,0.0,,0.0,,0.0,,0.0,0.0,0.0,0.0,,,0.0,,,,0.0,0.0,0.0,0.0,0.0,,0.0,0.0,0.0,0.0,0.0,,0.0,0.0,0.0,0.0,0.0,0.0,0.0,0.0,0.0,0.0,0.0,0.0,0.0,0.0,0.0,0.0,,0.0,0.0,0.0,0.0,0.0,0.0,0.0,0.0,0.0,,0.0,0.0,0.0,0.0,,0.0,,,,0.0,,0.0,0.0,,,,,0.0,,,0.0,,,,0.0,0.1408786,,,0.0,0.0,0.0,0.0,,,,0.0,0.0,0.0,0.0,0.0,,0.0,,0.5871361639999999
2022-10-03 20:00:00,0.0,,,,,,,,,,,,,,,,,,,,,,,,,,,,,,,,,,,,,,,,,,,,,,,,,,,,,,,,,,,,,,,,,,,,,,,,,,,,,,,,,,,,,,,,,,,,,,,,,,,,,,,,,,,,,,,,,,,,,,,,,,,,,,,,,,,,,,,,,,,,,,,,,,,,,,,,,,,,,,,,,,,,,,,,0.0
2022-10-03 21:00:00,0.0,,,,,,,,,,,,,,,,,,,,,,,,,,,,,,,,,,,,,,,,,,,,,,,,,,,,,,,,,,,,,,,,,,,,,,,,,,,,,,,,,,,,,,,,,,,,,,,,,,,,,,,,,,,,,,,,,,,,,,,,,,,,,,,,,,,,,,,,,,,,,,,,,,,,,,,,,,,,,,,,,,,,,,,,0.0
2022-10-03 22:00:00,0.0,,,,,,,,,,,,,,,,,,,,,,,,,,,,,,,,,,,,,,,,,,,,,,,,,,,,,,,,,,,,,,,,,,,,,,,,,,,,,,,,,,,,,,,,,,,,,,,,,,,,,,,,,,,,,,,,,,,,,,,,,,,,,,,,,,,,,,,,,,,,,,,,,,,,,,,,,,,,,,,,,,,,,,,,0.0
2022-10-03 23:00:00,0.0,,,,,,,,,,,,,,,,,,,,,,,,,,,,,,,,,,,,,,,,,,,,,,,,,,,,,,,,,,,,,,,,,,,,,,,,,,,,,,,,,,,,,,,,,,,,,,,,,,,,,,,,,,,,,,,,,,,,,,,,,,,,,,,,,,,,,,,,,,,,,,,,,,,,,,,,,,,,,,,,,,,,,,,,0.0
2022-10-04 00:00:00,0.0,,,,,,,,,,,,,,,,,,,,,,,,,,,,,,,,,,,,,,,,,,,,,,,,,,,,,,,,,,,,,,,,,,,,,,,,,,,,,,,,,,,,,,,,,,,,,,,,,,,,,,,,,,,,,,,,,,,,,,,,,,,,,,,,,,,,,,,,,,,,,,,,,,,,,,,,,,,,,,,,,,,,,,,,0.0
2022-10-04 01:00:00,0.0,,,,,,,,,,,,,,,,,,,,,,,,,,,,,,,,,,,,,,,,,,,,,,,,,,,,,,,,,,,,,,,,,,,,,,,,,,,,,,,,,,,,,,,,,,,,,,,,,,,,,,,,,,,,,,,,,,,,,,,,,,,,,,,,,,,,,,,,,,,,,,,,,,,,,,,,,,,,,,,,,,,,,,,,0.0
2022-10-04 02:00:00,0.0,,,,,,,,,,,,,,,,,,,,,,,,,,,,,,,,,,,,,,,,,,,,,,,,,,,,,,,,,,,,,,,,,,,,,,,,,,,,,,,,,,,,,,,,,,,,,,,,,,,,,,,,,,,,,,,,,,,,,,,,,,,,,,,,,,,,,,,,,,,,,,,,,,,,,,,,,,,,,,,,,,,,,,,,0.0
2022-10-04 03:00:00,0.0,,,,,,,,,,,,,,,,,,,,,,,,,,,,,,,,,,,,,,,,,,,,,,,,,,,,,,,,,,,,,,,,,,,,,,,,,,,,,,,,,,,,,,,,,,,,,,,,,,,,,,,,,,,,,,,,,,,,,,,,,,,,,,,,,,,,,,,,,,,,,,,,,,,,,,,,,,,,,,,,,,,,,,,,0.0
2022-10-04 04:00:00,0.0,,,,,,,,,,,,,,,,,,,,,,,,,,,,,,,,,,,,,,,,,,,,,,,,,,,,,,,,,,,,,,,,,,,,,,,,,,,,,,,,,,,,,,,,,,,,,,,,,,,,,,,,,,,,,,,,,,,,,,,,,,,,,,,,,,,,,,,,,,,,,,,,,,,,,,,,,,,,,,,,,,,,,,,,0.0
2022-10-04 05:00:00,0.0,,,,,,,,,,,,,,,,,,,,,,,,,,,,,,,,,,,,,,,,,,,,,,,,,,,,,,,,,,,,,,,,,,,,,,,,,,,,,,,,,,,,,,,,,,,,,,,,,,,,,,,,,,,,,,,,,,,,,,,,,,,,,,,,,,,,,,,,,,,,,,,,,,,,,,,,,,,,,,,,,,,,,,,,0.0
2022-10-04 06:00:00,0.0,,0.0,0.0,0.0,0.0,0.0,0.0,0.0,0.0,0.0,0.0,0.0,0.0,0.0,0.0,0.0,0.0,0.0,0.0,0.0,0.0,0.0,0.0,0.0,0.0,0.0,0.0,0.0,0.0,0.0,0.0,0.0,0.0,0.0,0.0,0.0,0.0,0.0,0.0,0.0,0.0,0.0,0.0,0.0,0.0,0.0,0.0,0.0,0.0,0.0,0.0,0.0,0.0,0.0,0.0,0.0,0.0,0.0,0.0,0.0,0.0,0.0,0.0,0.0,0.0,0.0,0.0,0.0,0.0,0.0,0.0,0.0,0.0,0.0,0.0,0.0,0.0,0.0,0.0,0.0,0.0,0.0,0.0,0.0,0.0,0.0,0.0,0.0,0.0,0.0,,0.0,0.0,0.0,0.0,0.0,0.0,0.0,0.0,0.0,0.0,0.0,0.0,0.0,0.0,0.0,0.0,0.0,0.0,0.0,0.0,0.0,0.0,0.0,0.0,0.0,0.0,0.0,0.0,0.0,0.0,0.0,0.0,0.0,0.0,0.0,0.0,0.0,0.0,0.0,0.0,0.0,0.0,0.0,0.0,0.0,0.0,0.0,0.0,0.0,0.0,0.0,0.0,0.0,0.0,0.0,0.0,0.0,0.0,0.0,0.0,0.0,0.0,0.0,0.0,0.0,0.0,0.0,0.0,0.0,0.0,0.0,0.0,0.0,0.0,0.0,,0.0
2022-10-04 07:00:00,23.79642,,1.586188,2.466417,0.0,2.411458,2.547271,2.513146,1.959271,1.778396,2.753063,0.0,2.631771,1.252188,2.685042,1.177375,1.142042,2.270979,1.062063,2.080938,0.7988958,1.43325,1.144417,0.9931042,1.73825,1.053125,1.21075,1.18925,1.095104,1.281687,0.9841251,1.085,1.258875,1.185792,1.399542,1.200437,1.159021,1.328729,0.0,1.263521,1.229146,1.477,1.838458,1.382521,1.372,2.037729,1.036812,1.644354,0.9928332,1.490292,1.328709,1.496063,1.4765,1.70875,2.786167,2.204875,1.295146,2.719729,1.266125,1.515021,1.874729,2.044,2.736563,2.434104,2.752146,1.847438,2.601229,0.0,2.752208,2.267979,2.011896,2.053667,1.603042,2.148021,1.501896,4.083521,3.813458,3.573208,3.722,3.553646,3.815292,3.353896,4.127395,3.909895,3.662979,3.685479,3.772771,3.632562,0.0,3.569563,3.949688,,3.543916,3.005437,3.535208,3.143209,3.724668,2.828396,3.400042,3.227521,3.652416,3.128208,3.688125,3.613375,3.862083,3.584167,3.828479,3.47625,3.411375,2.7365,3.439396,2.422646,3.605917,2.698458,3.400417,3.050958,3.165521,3.440792,3.448708,3.3055,3.617125,3.332146,3.303875,2.769521,2.912188,2.84975,3.310875,2.811667,3.145708,2.949125,2.874479,2.631687,3.531354,2.752812,3.48675,2.693563,2.666708,3.153958,3.115083,2.623021,2.989291,2.833813,2.880479,2.859,2.959771,2.562438,3.197875,2.640917,2.79125,2.970125,2.518833,2.896042,3.043292,2.737542,3.256604,2.757625,3.341271,3.070312,2.953666,2.977813,2.856167,2.788667,3.110354,2.810979,3.030188,3.000479,2.559937,,406.5667973
2022-10-04 08:00:00,262.1472,,20.08621,20.83364,21.507249375,20.54386,20.62036,20.70794,20.43814,19.72073,21.17992,21.507249375,20.94041,16.13646,20.81246,13.57071,13.04757,19.0309,13.55588,20.54683,12.79694,18.14046,12.40844,9.567917,19.66419,8.375543,18.56958,9.571564,9.094895,18.68596,8.358729,9.804563,19.30235,11.0209,18.53958,10.20665,16.07927,12.8675,21.507249375,14.374,14.83504,15.10704,15.7079,12.69598,10.54677,19.44369,8.83902,16.69698,9.633521,10.72135,16.13371,10.93846,15.97879,17.23516,16.96402,16.39267,12.80948,18.24431,13.79683,17.03969,14.60096,17.98317,18.60917,19.58393,17.73219,19.15763,17.38919,21.507249375,17.46083,20.56735,20.29946,14.79515,19.75167,16.32298,17.79277,21.74715,21.79248,21.32954,21.53012,21.30477,21.72073,21.58281,22.05798,21.73225,21.62883,21.30669,21.49887,21.26079,21.507249375,21.09148,21.64448,,21.16963,21.07623,21.23198,21.42846,21.67906,20.82329,21.20513,20.96413,21.33838,20.65273,21.40157,21.21502,21.62817,21.27115,21.64942,21.48735,21.21589,20.82054,21.38289,20.59896,21.3539,20.80227,21.29829,20.96288,19.76175,21.0306,21.32513,21.06594,21.36834,21.15023,21.20284,20.6195,20.75531,20.17946,21.29386,20.24631,21.14496,21.05856,20.94154,20.84687,20.14418,20.88654,21.20217,20.3826,21.1276,21.23448,21.34463,20.42517,21.05129,20.71665,20.61329,20.80342,21.15592,20.44744,21.09366,19.33817,20.73021,20.9351,15.21429,20.59586,21.67935,21.12985,21.48994,19.66062,21.6746,21.2109,21.08142,21.15756,20.84411,20.61027,21.01344,20.61923,21.05167,20.89946,19.24775,21.507249375,3097.2344888750004
2022-10-04 09:00:00,519.2079,,40.56356,40.10075,19.88752,40.10758,39.90908,39.74356,39.88763,39.01183,40.54421,19.59917,40.51981,36.11152,39.97721,34.37594,32.43346,37.05283,33.71556,40.13058,36.0075,36.55585,32.35073,29.79017,39.43654,31.95816,39.34608,31.65625,29.95235,39.39262,28.72502,28.93202,39.61916,29.35711,38.92644,30.47548,33.92056,29.76631,40.866536060606066,34.42404,30.57452,36.21277,32.29467,32.05519,29.34429,39.22134,30.51777,33.76242,31.36102,29.34296,33.34102,29.83602,38.04479,36.92577,33.16092,34.31758,31.59469,34.99298,33.27798,34.60088,33.88819,38.83777,34.27602,39.53581,34.36902,39.80798,34.03633,40.866536060606066,34.29929,40.51435,40.2969,30.13758,39.1309,32.80529,37.51092,41.20148,41.15142,40.69656,40.92,40.69117,41.18666,41.10373,41.60085,41.46152,41.29021,40.66054,41.01786,40.59329,40.866536060606066,40.51242,40.98463,,40.16144,40.20344,40.40282,40.58917,40.91577,40.2809,40.52079,39.99425,40.44281,39.73138,40.52856,40.45696,40.97473,40.66983,41.22766,40.87758,40.41231,40.12521,40.56496,40.02881,40.50813,40.15733,40.55658,40.35702,37.66669,39.85297,40.55869,40.24375,40.4555,40.3471,40.37175,39.75852,40.07183,39.15683,40.67609,39.37377,40.60934,40.26346,40.54461,40.08158,37.7924,40.06696,40.20129,39.30723,40.45796,40.44623,40.85357,39.66233,40.41064,39.81,39.91483,40.0515,40.48354,39.59333,40.08921,37.19561,40.05129,40.14927,38.42102,39.60704,41.19281,40.30746,40.70246,37.4771,40.88559,40.36967,40.40257,40.45885,40.07548,39.64936,39.98138,39.5546,40.22167,39.798,37.10915,40.866536060606066,6209.634388181818
2022-10-04 10:00:00,749.6934,,55.61145,54.91575,54.77893,54.96806,54.75758,54.28027,54.81948,52.1041,55.34558,53.9906,55.44479,53.96487,54.60279,53.4974,49.2066,50.875,37.4856,55.28406,54.00171,50.67487,51.4049,47.12423,54.46587,53.35721,54.51654,52.59668,50.10656,54.72956,49.66273,45.73219,54.64319,47.21592,53.84631,46.56858,47.08664,46.45877,55.24650666666667,49.68633,42.36429,52.57092,45.17196,50.77782,48.03894,54.25338,52.1299,46.45717,49.76738,46.47712,45.99821,49.57392,52.62777,51.51917,45.6049,53.53998,47.36506,47.55606,49.57742,47.26508,51.04131,53.10548,46.52509,53.43596,46.79173,54.14261,46.42633,55.24650666666667,46.97116,55.35588,55.05227,41.82586,53.40918,45.27085,54.03602,55.21494,55.32909,54.75202,54.99823,55.10041,55.41241,55.56446,55.92986,55.88475,55.72913,54.92471,55.2575,54.77834,0.004888731,54.64342,55.03904,,54.05792,54.37352,54.43468,54.81858,54.8939,54.60358,54.5615,54.05862,54.42654,53.93329,54.42673,54.60523,55.0155,54.96917,55.77494,55.09539,54.49846,54.52996,54.62979,54.54567,54.61194,54.58048,54.73048,54.76368,50.76917,53.83002,54.66498,54.5,54.40375,54.52044,54.50663,54.05906,54.29808,53.52573,54.91314,53.7254,54.87694,54.6904,54.79179,54.49239,44.17612,54.4815,54.21088,53.64742,54.96775,54.78405,55.38846,54.24592,54.85123,54.22966,54.10194,54.62875,54.80121,53.96352,54.18858,50.63073,54.32321,54.55268,43.18488,53.80746,55.65902,54.76135,54.94877,50.86773,55.18027,54.9199,54.90992,55.03012,54.53988,54.1694,54.21602,53.6721,54.59894,54.08641,50.7169,55.24650666666667,8593.844242064333
2022-10-04 11:00:00,913.1179,,61.18298,61.00246,60.84486,61.56288,61.12413,60.096,61.03108,55.97167,61.00259,60.88798,60.77877,61.09517,60.04156,60.87644,60.55937,57.95419,44.88929,61.23212,61.10473,58.19985,61.05396,60.953,60.81121,60.89911,61.06746,60.98506,60.58112,61.01052,60.62696,59.24723,61.51004,58.41829,60.80267,59.83129,54.22612,58.90427,61.128586060606054,58.62792,48.93375,60.61646,52.57396,60.14754,58.85096,60.94877,61.01508,53.44886,60.93323,58.32979,53.27694,59.78329,60.42602,59.62175,52.96925,60.97225,60.59379,54.35456,44.10329,54.09619,60.3628,60.44,53.17856,59.77261,53.70019,60.96463,53.45802,61.128586060606054,54.20473,61.31636,61.15173,48.63952,60.7575,52.52056,60.96673,60.07191,61.14341,60.87898,60.82942,60.8275,60.93373,60.98748,61.33198,60.01331,60.92485,60.92788,60.92035,60.86646,,60.00023,60.8285,,60.548,60.70311,60.738,60.93467,59.12323,60.86356,61.11813,60.43277,60.79273,60.45284,60.77954,60.84137,61.19473,60.84467,61.10611,60.90956,60.87513,61.19141,60.86481,60.98225,60.88754,60.84915,60.93182,61.12439,57.56131,60.44108,60.64275,60.72796,59.25608,60.87305,60.81781,60.74942,60.89365,60.46083,61.29546,60.67627,61.12519,60.9596,60.78521,60.91371,60.04206,60.7936,60.52623,59.83196,60.97237,60.83638,60.99442,60.925,60.91273,60.76083,60.85823,59.37698,61.00388,60.65494,60.03148,57.78802,60.93815,60.86533,34.08042,59.88683,60.82217,60.96918,60.77077,57.64614,61.02667,59.92586,60.91988,60.76377,60.97679,60.6895,60.68877,60.53142,61.19269,60.77715,57.93102,61.128586060606054,9697.147702121212
2022-10-04 12:00:00,993.5483,,60.83869,60.58458,60.42812,61.27203,60.75006,59.54829,60.60188,41.09539,60.49194,60.43811,60.28364,60.70577,59.52021,60.53405,60.22052,58.30021,45.61165,60.68419,60.55384,58.60192,60.44888,60.43993,60.22964,60.35954,60.41516,60.39648,60.36835,60.44323,60.20237,59.95875,60.89812,59.854,60.34877,60.28617,55.18586,60.00519,60.70534363636363,59.86965,49.75566,60.38383,53.82983,58.89592,58.98842,60.37823,60.63383,54.27094,60.75637,59.09329,54.33167,59.30769,60.45263,60.02054,54.16596,60.59814,60.53627,54.98504,45.77573,54.8606,60.48846,60.29056,53.32231,59.29715,54.51733,60.60948,54.40931,60.70534363636363,55.30392,60.89838,60.73162,49.83213,60.59558,53.70327,60.64244,59.49227,60.62796,60.18411,60.07127,60.06504,60.19712,60.24127,60.64011,59.4409,60.30054,60.29583,60.3261,60.29581,,59.36215,60.2565,,59.79344,59.92759,59.9379,60.23406,57.34427,60.09016,60.43121,59.71915,60.07814,59.77702,60.13494,60.16162,60.51221,60.11814,60.30042,60.28773,60.26556,60.56917,60.19366,60.26019,60.1611,60.24493,60.16486,60.29673,57.60966,59.6755,59.80596,60.02533,58.44316,60.04652,60.48908,60.45264,60.62806,60.2181,59.53788,60.34571,60.73777,60.36385,60.34145,60.4175,59.46502,60.08852,59.93477,59.0095,60.30864,60.53081,60.62009,60.77479,60.53429,60.56569,60.74896,40.9315,60.64658,60.52546,59.51417,58.91341,60.70648,60.53329,31.9265,59.52654,60.47796,60.79115,60.42983,57.90384,60.61294,59.62994,60.56219,60.39323,60.7509,60.47786,60.36569,60.46209,60.91719,60.57515,59.11719,60.70534363636363,9620.059907272725
2022-10-04 13:00:00,1005.506,,61.32902,61.14565,18.42323,61.88023,61.37779,60.02573,61.26741,20.807,61.12985,49.45402,60.9031,61.56977,60.05265,61.40179,61.12994,59.10675,46.3639,61.44669,61.44379,59.51091,61.3059,61.42337,61.13412,61.37764,61.36388,61.4188,61.51544,61.30288,61.29942,61.35525,61.96835,61.22242,61.32932,61.52919,56.13456,61.35096,61.483320303030304,61.02763,50.484,61.40708,54.68002,59.52738,60.07539,61.31081,61.58846,55.1605,61.85265,60.05357,55.27077,60.05817,61.53383,61.13323,54.98296,61.46785,61.49535,55.81915,46.32081,55.32487,61.40363,61.23042,53.96059,60.05444,55.1299,60.68238,54.99762,61.483320303030304,55.82794,61.49825,61.3335,50.45909,61.54006,54.37157,61.25671,60.15329,60.89425,61.24321,60.5154,61.01844,60.56488,61.1298,60.84735,60.06485,61.07394,61.17658,60.6255,61.13854,,60.09634,61.04202,,60.97356,61.07785,61.07981,61.25196,59.20294,60.73002,60.92456,60.82927,60.641,60.31321,61.20668,60.699,61.5415,60.35398,60.78473,60.42041,61.19165,61.33591,61.12448,61.39833,61.17485,60.56196,60.6814,60.85379,58.50598,60.93642,60.85152,60.45548,59.39546,60.91531,61.12338,61.2556,61.05777,61.0941,57.5383,61.19767,61.42946,61.19577,60.3036,61.33289,60.15075,60.59673,60.21767,60.03471,61.2306,61.07288,61.16737,61.38213,60.63044,61.18991,61.38654,59.72096,61.28342,61.19091,60.15352,59.41269,60.85494,60.75515,32.12146,60.07025,60.98175,61.24673,60.9169,58.09361,61.21318,60.06884,61.10785,60.85046,61.34631,61.08365,60.98159,61.11394,61.58579,61.20925,59.58448,61.483320303030304,9680.621250606062
2022-10-04 14:00:00,924.5676,,60.99404,60.34969,60.85341968749999,60.68823,60.62511,59.55109,60.6246,20.8126,60.60015,60.85341968749999,60.56773,61.02323,59.7205,60.87386,60.52887,56.69194,44.62056,61.071,61.30687,57.2931,61.22369,61.32554,60.68375,61.22673,60.9964,61.2785,61.19987,60.93306,60.95648,59.53019,60.995,58.65813,60.65231,59.95823,53.59719,59.30339,60.85341968749999,57.71162,48.09467,60.42783,51.91252,59.68681,58.2096,60.67617,60.66802,52.46492,60.19144,59.007,52.25544,59.64104,59.23975,58.38129,51.59671,60.54819,60.07341,52.81232,44.37663,52.35679,59.96273,59.73744,51.71133,58.96671,52.29084,35.01127,52.15835,60.85341968749999,53.19881,61.1381,60.96175,48.3455,60.18243,51.81031,60.8365,59.60984,60.19936,59.96488,59.94769,60.10583,60.20638,60.40202,60.71025,59.79712,60.43687,60.15502,60.26179,59.97871,,59.32558,60.07746,,59.41035,59.69679,59.80646,60.03354,58.81665,59.96642,59.83598,59.38194,59.66525,59.25798,59.60054,59.81123,60.01971,60.03323,60.53073,60.17275,59.95992,60.14731,59.9138,60.09083,59.98096,60.0401,60.07842,60.21898,55.79838,59.12273,59.78815,59.82983,58.85191,59.72967,59.79446,59.42002,59.89996,59.1745,39.61618,59.70689,60.232,60.05975,60.04727,60.00763,59.25731,59.88913,59.54462,58.83819,60.28875,60.06973,60.37262,59.91567,60.19398,59.60056,59.73383,60.0589,60.12785,59.49297,59.18435,55.97583,59.94952,59.77121,30.60573,58.76794,60.3159,60.10677,59.71606,55.39392,60.16777,59.52863,60.15317,60.01729,60.1069,59.68069,59.66877,59.20381,60.22189,59.47686,56.12688,60.85341968749999,9500.771548749999
2022-10-04 15:00:00,770.7029,,52.28259,51.13948,52.279684375,51.36591,51.41856,51.02723,51.5466,20.80137,51.60996,52.279684375,51.98465,52.47373,51.33213,52.25923,51.92189,47.86696,38.07419,52.42706,53.70717,48.65783,53.95796,53.9729,52.05291,53.68425,52.5229,53.7939,52.91529,52.46233,52.74629,50.49898,52.15015,49.4621,51.75123,50.79615,45.43737,49.82242,52.279684375,48.75666,40.74448,51.28023,43.74246,50.25563,48.69817,51.68996,51.22271,44.27125,50.69473,49.81127,43.96646,51.06358,49.69442,48.75942,43.09288,51.04369,50.51069,44.28856,37.49614,43.96608,50.59679,50.26083,43.551,49.87742,44.06369,44.32692,44.01067,52.279684375,45.14388,52.52925,52.37317,41.27627,50.91312,43.97225,52.2164,51.12256,50.70113,50.52931,50.63906,50.857,51.0294,51.34961,51.66587,51.66492,51.5014,50.84982,51.12204,50.55919,,50.55273,50.83502,,49.80002,50.13467,50.32787,50.55711,50.44633,50.52629,50.27417,49.87073,50.10632,49.6324,50.05083,50.29946,50.54333,50.67233,51.50011,50.94317,50.48141,50.69917,50.41448,50.61502,50.48427,50.6735,50.56727,50.76431,46.8419,49.60506,50.39911,50.31562,50.22665,50.21796,50.33856,50.00483,50.40287,49.67077,41.80912,50.10781,50.85523,50.69294,50.83046,50.64783,50.34467,50.57308,50.11421,49.69721,51.00075,50.83035,51.34579,50.40081,50.97858,50.24494,50.27193,50.76356,50.74375,50.10644,50.15462,46.98717,50.46204,50.33633,25.42042,49.74817,51.45175,50.80161,50.54255,46.78233,50.97854,50.78867,50.88081,50.89427,50.63617,50.21667,50.26879,49.74506,50.76481,49.96902,47.04577,52.279684375,8079.825527500001
2022-10-04 16:00:00,557.5832,,37.74765,37.07673,38.15199968750001,37.41911,37.305,37.12177,37.44394,20.70417,37.46112,38.15199968750001,37.77579,38.68983,37.42458,38.32717,38.24819,34.74329,27.9959,38.11456,39.61833,35.47256,39.82771,39.97131,37.9724,39.88983,38.43579,39.98513,39.09785,38.23385,39.01065,37.17854,37.98288,36.02571,37.79244,36.97256,33.13985,36.02716,38.15199968750001,35.04069,29.50606,37.33265,31.74117,36.43459,35.18779,37.26385,37.11348,32.27758,36.70508,35.619,31.94908,36.95115,35.86775,34.8676,31.01144,36.76954,36.41684,31.85092,27.17927,31.66962,36.73317,36.29323,31.45421,36.16011,31.90512,36.92275,31.95627,38.15199968750001,32.891,37.9841,37.89946,30.36293,36.96906,32.1801,37.89579,36.87325,36.26125,36.50085,36.48154,36.62371,36.68535,36.99383,37.24313,37.15786,37.00725,36.61617,36.82967,36.3645,,36.42998,36.55669,,35.92762,36.15971,36.347,36.5634,36.37646,36.51817,36.2791,35.96748,36.10956,35.72281,36.12067,36.34954,36.51456,36.54423,37.1335,36.8025,36.45752,36.70196,36.40292,36.49631,36.47242,36.65456,36.494,36.66708,33.85583,35.85658,36.35175,36.33931,36.27423,36.28223,36.37466,36.16381,36.38027,35.877,36.88054,36.17617,36.77792,36.6315,36.65971,36.69527,36.56169,36.64467,36.14796,35.90815,36.85883,36.73783,37.09163,36.35421,36.82938,36.32377,36.36279,36.79679,36.64333,36.1521,36.24865,33.97287,36.41704,36.32617,26.30648,36.01379,37.12356,36.74427,36.66652,33.98729,36.92952,36.6596,36.68021,36.79182,36.51319,36.20171,36.31866,36.04008,36.7301,36.12244,33.91506,38.15199968750001,5879.31084875
2022-10-04 17:00:00,283.0783,,18.10454,17.72992,18.756590312499995,17.98644,17.99294,17.98046,18.09898,16.70531,18.04092,18.756590312499995,18.17621,19.32027,18.18327,19.03373,19.07681,16.746,13.99134,18.49177,19.92604,17.34777,20.13363,20.31254,18.54823,20.37806,18.90212,20.47404,19.81292,18.69746,19.68656,18.59156,18.57523,17.83546,18.5225,18.12671,16.25746,17.30952,18.756590312499995,16.82606,14.19059,18.20981,15.36085,17.75946,16.96238,17.95319,17.98092,15.75294,17.58148,16.73148,15.3615,17.67662,17.17869,16.36442,14.58383,17.62657,17.24902,15.11481,13.17208,15.04235,17.7445,17.40525,14.97065,17.3681,15.34033,17.75325,15.44227,18.756590312499995,16.12335,18.23875,18.23619,15.10858,17.91704,15.88279,18.41809,17.53677,17.05658,17.3261,17.21571,17.30606,17.27996,17.54771,17.72485,17.6535,17.45744,17.37256,17.45694,17.1895,,17.27044,17.205,,16.94231,17.11508,17.20112,17.42585,17.12902,17.36904,17.18131,17.01946,17.02694,16.82554,17.09446,17.28177,17.33333,17.30639,17.6361,17.4816,17.29044,17.53813,17.23146,17.31037,17.2944,17.48823,17.24261,17.44762,16.05567,17.0471,17.13052,17.22444,17.18702,17.20333,17.26692,17.17733,17.24098,16.93513,17.6494,17.1205,17.52156,17.42371,17.36327,17.56548,17.48765,17.4741,17.07585,16.9964,17.60927,17.42688,17.58015,17.26669,17.49587,17.26423,17.30833,17.60337,17.36431,17.14137,17.20594,16.18969,17.26046,17.24106,13.87692,17.07215,17.74862,17.67456,17.51229,16.2606,17.67473,17.42423,17.38892,17.54189,17.28042,17.10121,17.18454,17.18767,17.5274,17.12584,16.08142,18.756590312499995,2831.3303612499994
2022-10-04 18:00:00,37.98578,,2.296292,2.232979,0.0,2.305938,2.339875,2.417854,2.349313,2.431917,2.317928,0.0,2.221063,2.734396,2.419396,2.602167,2.597854,2.098042,1.965458,2.400271,2.798021,2.257396,2.879521,2.884063,2.318792,2.975125,2.433292,3.040187,2.873563,2.348875,2.709792,2.522271,2.393854,2.446729,2.399188,2.604979,2.109979,2.400938,0.0,2.2495,1.750979,2.37624,1.948875,2.412896,2.351166,2.237188,2.37425,2.092313,2.230271,2.199875,1.92075,2.438854,2.185896,2.033354,2.006563,2.336833,2.189458,1.855938,1.782854,1.907646,2.321042,2.240979,1.808813,2.377354,1.964771,2.324687,1.944187,0.0,2.233458,2.349792,2.326063,2.049521,2.357396,2.081208,2.378708,2.157687,2.101208,1.974146,1.908646,2.013542,1.92225,2.130167,2.180042,2.293292,1.972479,2.091604,2.030479,2.046958,,2.110312,1.945813,,1.776167,1.984333,1.862937,2.150795,1.786129,2.048958,1.927708,1.962812,1.823155,1.961771,1.867229,2.115625,1.979104,1.992167,2.130437,1.712646,1.664125,2.068979,1.700229,1.891896,1.864542,2.002896,1.777583,2.055875,1.662438,1.988417,1.741833,1.910542,1.838938,1.990271,1.608208,1.954312,1.540271,1.866958,1.825291,1.849875,1.667521,1.913292,1.551812,2.039271,1.809729,1.926604,1.597771,1.961,2.072458,1.784229,1.828375,2.034854,1.832854,2.027021,1.815833,2.251771,1.735209,2.007021,1.744729,1.910104,1.685417,2.012813,1.485604,2.027063,2.031396,2.226813,1.991729,2.023604,2.118125,2.157896,1.921917,2.128917,1.922125,2.010583,1.824833,2.099562,2.027833,2.047792,1.986792,,333.773335
2022-10-04 19:00:00,0.0,,0.0,0.0,0.0,,0.0,0.0,0.0,0.0,0.0,0.0,0.0,0.0,0.0,0.0,0.0,0.0,0.0,0.0,0.0,0.0,0.0,0.0,0.0,0.0,0.0,0.0,0.0,0.0,0.0,0.0,0.0,0.0,0.0,0.0,0.0,0.0,0.0,0.0,,0.0,,0.0,0.09985263,0.0,0.0,0.0,0.0,0.0,0.0,0.1374833,,0.0,0.1297722,,,0.0,0.0,0.0,0.0,0.0,0.0,0.1293413,,0.0,,0.0,0.0,0.0,0.0,,0.0,0.0,0.0,0.0,,0.0,0.0,0.0,0.0,0.0,0.06055219,0.0,0.0,,,0.0,,0.0,,,0.0,0.0,0.0,0.0,0.0,0.0,0.0,0.0,0.0,0.0,0.0,0.0,0.0,0.0,0.0,0.0,0.0,0.0,0.0,0.0,0.0,0.0,0.0,0.0,0.0,0.0,0.0,0.0,,0.0,0.0,0.0,0.0,0.0,0.0,0.0,0.0,0.0,0.0,0.0,0.0,0.0,0.0,0.0,0.0,0.0,0.0,0.0,0.0,0.0,0.0,0.0,0.0,0.0,0.0,0.0,0.0,0.0,0.0,0.0,0.0,0.0,0.0,0.0,0.0,0.0,,0.0,0.0,0.0,0.0,0.0,0.0,0.0,,,0.55700162
2022-10-04 20:00:00,0.0,,,,,,,,,,,,,,,,,,,,,,,,,,,,,,,,,,,,,,,,,,,,,,,,,,,,,,,,,,,,,,,,,,,,,,,,,,,,,,,,,,,,,,,,,,,,,,,,,,,,,,,,,,,,,,,,,,,,,,,,,,,,,,,,,,,,,,,,,,,,,,,,,,,,,,,,,,,,,,,,,,,,,,,,0.0
2022-10-04 21:00:00,0.0,,,,,,,,,,,,,,,,,,,,,,,,,,,,,,,,,,,,,,,,,,,,,,,,,,,,,,,,,,,,,,,,,,,,,,,,,,,,,,,,,,,,,,,,,,,,,,,,,,,,,,,,,,,,,,,,,,,,,,,,,,,,,,,,,,,,,,,,,,,,,,,,,,,,,,,,,,,,,,,,,,,,,,,,0.0
2022-10-04 22:00:00,0.0,,,,,,,,,,,,,,,,,,,,,,,,,,,,,,,,,,,,,,,,,,,,,,,,,,,,,,,,,,,,,,,,,,,,,,,,,,,,,,,,,,,,,,,,,,,,,,,,,,,,,,,,,,,,,,,,,,,,,,,,,,,,,,,,,,,,,,,,,,,,,,,,,,,,,,,,,,,,,,,,,,,,,,,,0.0
2022-10-04 23:00:00,0.0,,,,,,,,,,,,,,,,,,,,,,,,,,,,,,,,,,,,,,,,,,,,,,,,,,,,,,,,,,,,,,,,,,,,,,,,,,,,,,,,,,,,,,,,,,,,,,,,,,,,,,,,,,,,,,,,,,,,,,,,,,,,,,,,,,,,,,,,,,,,,,,,,,,,,,,,,,,,,,,,,,,,,,,,0.0
2022-10-05 00:00:00,0.0,,,,,,,,,,,,,,,,,,,,,,,,,,,,,,,,,,,,,,,,,,,,,,,,,,,,,,,,,,,,,,,,,,,,,,,,,,,,,,,,,,,,,,,,,,,,,,,,,,,,,,,,,,,,,,,,,,,,,,,,,,,,,,,,,,,,,,,,,,,,,,,,,,,,,,,,,,,,,,,,,,,,,,,,0.0
2022-10-05 01:00:00,0.0,,,,,,,,,,,,,,,,,,,,,,,,,,,,,,,,,,,,,,,,,,,,,,,,,,,,,,,,,,,,,,,,,,,,,,,,,,,,,,,,,,,,,,,,,,,,,,,,,,,,,,,,,,,,,,,,,,,,,,,,,,,,,,,,,,,,,,,,,,,,,,,,,,,,,,,,,,,,,,,,,,,,,,,,0.0
2022-10-05 02:00:00,0.0,,,,,,,,,,,,,,,,,,,,,,,,,,,,,,,,,,,,,,,,,,,,,,,,,,,,,,,,,,,,,,,,,,,,,,,,,,,,,,,,,,,,,,,,,,,,,,,,,,,,,,,,,,,,,,,,,,,,,,,,,,,,,,,,,,,,,,,,,,,,,,,,,,,,,,,,,,,,,,,,,,,,,,,,0.0
2022-10-05 03:00:00,0.0,,,,,,,,,,,,,,,,,,,,,,,,,,,,,,,,,,,,,,,,,,,,,,,,,,,,,,,,,,,,,,,,,,,,,,,,,,,,,,,,,,,,,,,,,,,,,,,,,,,,,,,,,,,,,,,,,,,,,,,,,,,,,,,,,,,,,,,,,,,,,,,,,,,,,,,,,,,,,,,,,,,,,,,,0.0
2022-10-05 04:00:00,0.0,,,,,,,,,,,,,,,,,,,,,,,,,,,,,,,,,,,,,,,,,,,,,,,,,,,,,,,,,,,,,,,,,,,,,,,,,,,,,,,,,,,,,,,,,,,,,,,,,,,,,,,,,,,,,,,,,,,,,,,,,,,,,,,,,,,,,,,,,,,,,,,,,,,,,,,,,,,,,,,,,,,,,,,,0.0
2022-10-05 05:00:00,0.0,,,,,,,,,,,,,,,,,,,,,,,,,,,,,,,,,,,,,,,,,,,,,,,,,,,,,,,,,,,,,,,,,,,,,,,,,,,,,,,,,,,,,,,,,,,,,,,,,,,,,,,,,,,,,,,,,,,,,,,,,,,,,,,,,,,,,,,,,,,,,,,,,,,,,,,,,,,,,,,,,,,,,,,,0.0
2022-10-05 06:00:00,0.0,,0.0,0.0,0.0,0.0,0.0,0.0,0.0,0.0,0.0,0.0,0.0,0.0,0.0,0.0,0.0,0.0,0.0,0.0,0.0,0.0,0.0,0.0,0.0,0.0,0.0,0.0,0.0,0.0,0.0,0.0,0.0,0.0,0.0,0.0,0.0,0.0,0.0,0.0,0.0,0.0,0.0,0.0,0.0,0.0,0.0,0.0,0.0,0.0,0.0,0.0,0.0,0.0,0.0,0.0,0.0,0.0,0.0,0.0,0.0,0.0,0.0,0.0,0.0,0.0,0.0,0.0,0.0,0.0,0.0,0.0,0.0,0.0,0.0,0.0,0.0,0.0,0.0,0.0,0.0,0.0,0.0,0.0,0.0,0.0,0.0,0.0,,0.0,0.0,,0.0,0.0,0.0,0.0,0.0,0.0,0.0,0.0,0.0,0.0,0.0,0.0,0.0,0.0,0.0,0.0,0.0,0.0,0.0,0.0,0.0,0.0,0.0,0.0,0.0,0.0,0.0,0.0,0.0,0.0,0.0,0.0,0.0,0.0,0.0,0.0,0.0,0.0,0.0,0.0,0.0,0.0,0.0,0.0,0.0,0.0,0.0,0.0,0.0,0.0,0.0,0.0,0.0,0.0,0.0,0.0,0.0,0.0,0.0,0.0,0.0,0.0,0.0,0.0,0.0,0.0,0.0,0.0,0.0,0.0,0.0,0.0,0.0,0.0,0.0,,0.0
2022-10-05 07:00:00,25.22283,,1.421834,2.152833,0.0,2.139458,2.305646,2.345313,1.790938,1.581604,2.49225,0.0,2.371354,1.226812,2.478146,1.092583,1.136854,2.097042,1.05775,2.000187,0.8216457,1.307854,1.151229,0.9864998,1.659792,1.069854,1.2225,1.178771,1.090813,1.258312,0.9973126,1.019646,1.256458,1.120438,1.307063,1.126583,1.082813,1.234792,0.0,1.1595,1.108875,1.357188,1.589354,1.359583,1.372063,1.956021,0.9977502,1.639729,0.9769998,1.477646,1.183125,1.439833,1.349729,1.568042,2.536708,2.00875,1.270354,2.511604,1.210917,1.365729,1.733583,1.904875,2.397375,2.301979,2.522229,1.672583,2.268417,0.0,2.477979,2.041396,1.931333,1.837917,1.489667,1.970063,1.391208,3.628771,3.45675,3.16925,3.311917,3.233333,3.384479,3.061834,3.685,3.424854,3.284812,3.273646,3.361937,3.280396,,3.182396,3.492375,,3.193417,2.774729,3.185104,2.806833,3.332042,2.439021,2.999959,2.946271,3.224854,2.743437,3.321833,3.097729,3.432125,3.192083,3.415771,3.117,3.059813,2.398687,3.132417,2.189625,3.213708,2.329312,3.068,2.704229,2.819333,3.069792,3.100729,2.951292,3.297958,3.009562,2.916708,2.46125,2.507688,2.527479,2.890542,2.5605,2.753042,2.708167,2.572479,2.409688,3.394729,2.424854,3.132146,2.446375,2.423354,2.818146,2.78825,2.3145,2.651229,2.547729,2.603125,2.576104,2.655146,2.327833,2.907438,2.342813,2.529583,2.615583,2.98425,2.581708,2.689958,2.466229,2.899688,2.461042,3.017229,2.741021,2.719875,2.657583,2.531667,2.460354,2.782938,2.493333,2.710271,2.704229,2.269021,,368.7383751
2022-10-05 08:00:00,256.9424,,19.07508,19.90602,20.733191874999996,19.77267,19.80908,19.89983,19.66981,18.89398,20.42844,20.733191874999996,20.18381,15.61971,20.08602,13.19981,12.45187,18.38477,12.99446,19.83092,12.18575,17.45219,12.17781,9.507144,18.99771,8.349418,17.78323,9.232771,8.942249,18.76004,8.234814,9.336227,18.52183,10.50063,17.72325,9.807332,15.53994,12.00906,20.733191874999996,13.53704,14.3469,14.4975,15.09556,12.42367,10.4721,18.79508,8.702647,16.173,9.124812,10.41565,15.42194,10.51938,14.81542,16.53386,16.30315,15.88571,12.50742,17.60983,12.07425,16.43223,14.04869,16.84652,18.62011,18.71419,17.09159,18.47915,16.73471,20.733191874999996,16.82804,19.69069,19.55186,14.25069,19.01027,15.76948,17.4921,20.93687,20.98396,20.56563,20.74685,20.54909,20.88848,20.69086,21.21531,21.15379,20.79425,20.54335,20.74525,20.51156,,20.29698,20.78509,,20.39769,20.32231,20.47921,20.64491,20.84012,20.10477,20.43771,20.18606,20.48371,19.93083,20.60281,20.45006,20.86098,20.53333,20.89873,20.67831,20.44407,20.1225,20.62981,19.88756,20.56486,20.06648,20.5491,20.20456,19.02265,20.26144,20.54563,20.31264,20.636,20.4005,20.48916,19.8725,19.97487,19.44244,20.48932,19.49492,20.32764,20.30392,20.12306,20.08739,20.89477,20.10642,20.36787,19.63131,20.37686,20.42084,20.52262,19.63996,20.2449,19.95433,19.96629,20.02412,20.35029,19.68477,20.27408,18.62606,19.98642,20.17621,20.50483,19.85929,20.88704,20.34666,20.70912,18.91827,20.84883,20.40356,20.34298,20.34506,20.058,19.8266,20.21394,19.84373,20.22106,20.12885,18.52827,20.733191874999996,2969.7617715000006
2022-10-05 09:00:00,514.9534,,39.82175,39.33416,40.045267499999994,39.35013,39.14679,39.00787,39.14904,38.36242,39.81039,40.045267499999994,39.77491,35.69609,39.28035,33.54225,32.039,36.39496,32.88863,39.39423,35.47892,35.84035,32.05523,29.48137,38.7034,30.69708,38.60781,30.17233,29.51717,38.77538,28.37031,28.36583,38.80869,28.65046,38.12867,29.80664,33.24015,29.11158,40.045267499999994,33.42627,29.96598,35.44523,31.60644,31.51362,28.84752,38.4165,29.33048,33.08425,30.53869,29.01785,32.64652,29.94048,37.1071,36.08096,32.38115,33.56681,31.06111,34.27015,32.50473,33.82146,32.87038,37.9645,33.51958,38.64223,33.60392,38.87456,33.27033,40.045267499999994,33.49538,39.65044,39.44494,29.38825,38.28858,32.05283,36.7406,40.31486,40.27106,39.8504,40.07456,39.8355,40.31902,40.14625,40.70163,40.53277,40.437,39.77263,40.18585,39.716,,39.5841,40.08862,,39.34529,39.30565,39.61956,39.69729,40.02794,39.39241,39.65937,39.11529,39.56048,38.87229,39.67262,39.57173,40.11721,39.7809,40.32806,40.06519,39.59987,39.26484,39.76592,39.1529,39.67758,39.30365,39.7304,39.46239,36.90069,38.96967,39.72296,39.3811,39.67029,39.44167,39.64033,38.95335,39.28615,38.34921,39.86364,38.5466,39.77875,39.47964,39.73425,39.26437,39.90021,39.23594,39.39479,38.43054,39.60109,39.69214,40.07821,38.87631,39.59827,39.06314,39.15067,39.26871,39.73131,38.79689,39.34406,36.42511,39.30682,39.33654,39.62902,38.803,40.49906,39.63966,39.97221,36.83621,40.1381,39.61885,39.66,39.7045,39.30094,38.84314,39.25669,38.80769,39.4361,39.0476,36.34412,40.045267499999994,6089.03462
2022-10-05 10:00:00,737.7729,,54.8059,54.07385,54.4553378125,54.19027,53.91775,53.52027,54.02121,49.0966,54.5155,54.4553378125,54.63467,53.14339,53.8201,52.69454,48.65558,50.13025,44.75896,54.46504,53.19889,49.96331,50.87608,46.58754,53.66515,52.54508,53.75079,52.18152,49.25152,53.88948,48.80171,45.12554,53.832,46.47275,53.06996,46.24579,46.41165,45.55744,54.4553378125,48.66298,41.76396,51.66171,44.54963,49.9379,47.18027,53.528,51.24564,45.82221,49.14354,45.80733,45.32758,48.3419,51.71398,50.70898,44.95156,52.60598,46.34713,46.87577,46.42135,46.56831,49.68342,52.32492,45.83585,52.66548,46.08887,53.34433,45.68071,54.4553378125,46.20279,54.60127,54.30923,41.06802,52.68577,44.44213,53.28677,54.37398,54.415,53.87602,54.10019,54.25137,54.47546,54.60579,54.96335,55.01115,54.81921,54.02934,54.36721,53.89473,,53.72136,54.15609,,53.25448,53.59769,53.66938,54.07229,54.03289,53.80888,53.68121,53.28637,53.49496,53.12283,53.53879,53.76871,54.09881,54.11642,54.88483,54.3391,53.75963,53.82517,53.88877,53.82525,53.81185,53.87667,53.91711,54.01994,49.99809,53.09771,53.84523,53.77235,53.63902,53.7681,53.85109,53.35336,53.62081,52.8201,54.17231,53.03088,54.09546,54.06317,54.05354,53.80552,53.73633,53.77718,53.48327,52.88942,54.23217,54.13361,54.71581,53.50825,54.13117,53.54171,53.40419,53.88184,54.12446,53.25746,53.52846,49.95919,53.6759,53.82717,41.37898,53.13186,55.07021,54.11127,54.30765,50.25014,54.55437,54.23069,54.28358,54.31394,53.85727,53.42804,53.63335,52.96817,53.92917,53.42263,49.99242,54.4553378125,8483.48705125
2022-10-05 11:00:00,900.8641,,61.18579,60.87648,61.055445625,61.48513,60.94796,59.96436,60.92019,60.66054,60.96537,61.055445625,60.80112,60.88477,59.97393,60.68675,60.36679,57.6218,44.55819,61.21315,60.95392,57.80408,60.93848,60.78262,60.76662,60.76923,61.02265,60.92271,60.30575,60.96665,60.40273,58.57375,61.45467,57.68991,60.71069,59.06221,53.77569,58.12869,61.055445625,57.7406,48.49884,60.19389,52.02725,59.57473,58.14546,60.86377,60.76516,52.87881,60.44581,57.97569,52.62054,59.50212,59.865,58.85186,52.30915,60.719,60.28135,53.83579,43.7039,53.52314,59.82746,60.06017,52.66706,59.65119,53.12691,54.39146,52.81313,61.055445625,53.58717,61.30746,61.10019,48.05262,60.54021,51.89838,60.85635,60.13765,61.12331,60.85183,60.82021,60.83481,60.92167,60.94236,61.31604,60.06369,60.99583,60.88194,60.94838,60.83408,,60.00602,60.81073,,60.45837,60.57821,60.70548,60.90008,59.19746,60.76969,61.00314,60.3219,60.65525,60.31169,60.69079,60.74265,61.15365,60.83371,61.13373,60.87671,60.78904,61.06538,60.80682,60.88081,60.79027,60.82437,60.82981,61.00904,57.21277,60.29954,60.58011,60.67908,59.36737,60.77739,60.76038,60.58229,60.78693,60.26373,55.53542,60.4799,60.98785,60.9055,60.71909,60.8589,59.96875,60.6855,60.40069,59.73135,60.95198,60.79408,60.98846,60.71962,60.80614,60.61321,60.69619,48.19327,60.92471,60.47738,59.92598,57.208,60.84294,60.79333,34.76759,59.79596,60.8911,60.85783,60.68837,57.24231,60.98304,60.02065,60.87277,60.65004,60.8824,60.55573,60.5976,60.22269,61.03587,60.58118,57.35423,61.055445625,9648.900562499999
2022-10-05 12:00:00,992.2579,,61.29707,61.10629,61.5239315625,62.0104,61.31523,60.15041,61.24512,58.05721,61.14121,61.5239315625,60.91496,61.50954,60.09169,61.36719,61.13821,59.12379,46.21429,61.4845,61.40783,59.51191,61.33169,61.36265,61.14407,61.38269,61.40173,61.48035,61.47354,61.29423,61.30906,61.35771,61.99775,61.08877,61.31692,61.53325,55.81073,61.38087,61.5239315625,61.0126,50.36106,61.36102,54.43066,61.4005,60.08992,61.35448,61.61457,54.98892,61.89064,60.08215,55.01104,60.02475,61.61727,61.18865,54.82694,61.443,61.49948,55.83083,46.24619,55.53041,61.48873,61.25794,54.20765,60.15002,55.24971,43.25114,55.07014,61.5239315625,55.86217,61.50348,61.33569,50.3609,61.55909,54.39081,61.2201,60.16214,61.39289,61.2364,61.03437,61.05357,61.04084,61.06665,61.4239,60.0574,61.05931,61.18481,61.13896,61.19519,,60.14225,61.01989,,61.01083,61.04562,61.13606,61.2665,59.1929,61.21348,61.63391,60.85762,61.15931,60.8835,61.21131,61.23933,61.56215,61.11037,61.23721,61.09373,61.20694,61.663,61.16094,61.39454,61.17483,61.25154,61.19158,61.46106,58.54869,60.98419,60.85933,61.10488,59.44369,61.30379,61.19744,61.26996,61.34787,61.13491,45.373,61.2125,61.4109,61.2654,61.0255,61.36234,60.16956,61.10944,60.78373,60.0799,61.241,61.11406,61.1684,61.34312,61.08623,61.20815,61.41468,50.596,61.29369,61.19508,60.14448,59.15567,61.41679,61.27898,31.97416,60.13919,61.006,61.2765,60.96781,58.36517,61.22896,60.09144,61.15833,60.87306,61.34829,61.08571,61.03079,61.12617,61.54559,61.28011,59.29723,61.5239315625,9750.56592625
2022-10-05 13:00:00,984.1298,,61.32431,61.1265,61.52782093750001,62.01421,61.35325,60.15077,61.2969,61.34375,61.16904,61.52782093750001,60.93281,61.57269,60.09129,61.41725,61.17337,58.29594,45.67891,61.51777,61.46465,58.73144,61.34725,61.41494,61.18689,61.42173,61.43477,61.51158,61.52952,61.34769,61.36598,61.09135,62.00911,60.23348,61.36198,61.32804,55.14669,61.10238,61.52782093750001,59.99498,49.5535,61.41412,53.68459,58.91383,60.02117,61.405,61.68929,54.29269,61.862,60.08638,54.22406,60.02811,61.47769,60.42415,53.94333,61.46729,61.53383,54.8914,45.60423,54.57536,61.48246,61.22137,53.40808,60.14902,51.99085,48.60996,54.24935,61.52782093750001,55.12881,61.54048,61.36442,49.80348,61.57392,53.659,61.25052,60.16652,61.40639,61.26358,60.54017,61.08339,61.06477,61.09135,61.45225,60.07023,60.50175,61.2051,61.16402,61.21238,,60.14652,60.74242,,60.99523,60.4015,60.64033,60.77269,58.71723,61.24529,61.54621,60.85731,60.61609,60.8525,60.61394,61.23231,61.50454,60.33354,61.26308,61.12552,61.22973,61.40402,60.66502,61.44179,60.68075,60.64112,61.22829,60.76917,57.75906,60.93035,60.88065,61.13779,59.16367,60.97689,61.21742,60.99327,60.85221,61.15223,44.39725,60.72856,61.45127,60.77346,61.06796,60.88271,60.1689,61.13065,60.79392,60.08431,61.27877,61.13871,61.20441,61.39544,60.60265,61.25592,61.45633,61.27852,61.34698,61.25689,60.1455,58.30225,61.46454,61.32529,31.56221,60.14667,61.02519,61.29083,60.96883,57.48259,61.24598,60.11469,61.18821,60.89777,61.38804,61.12792,61.04317,61.1285,61.61319,61.31681,58.436,61.52782093750001,9733.977603750001
2022-10-05 14:00:00,898.7643,,59.79421,58.94809,59.730824999999996,59.18808,59.2066,58.49025,59.35561,46.64571,59.40846,59.730824999999996,59.577,59.82573,58.71819,59.64367,59.25804,55.31462,43.52777,60.058,60.54008,55.87798,60.59635,60.60554,59.63552,60.46904,59.95493,60.60302,60.11985,59.93344,59.93023,57.84954,59.59781,56.81198,59.272,58.21764,52.07169,57.30475,59.730824999999996,55.87471,46.68998,58.82994,50.25025,57.7521,56.20135,59.37373,58.96104,50.84314,58.28136,57.29727,50.67869,58.46273,57.31242,56.41833,49.82027,58.82419,58.07025,51.16336,42.93407,50.77696,58.18362,57.86046,50.19446,57.41558,42.21448,40.83638,50.57419,59.730824999999996,51.66371,60.14998,59.96923,46.99881,58.4875,50.20969,59.70131,58.46346,58.42104,58.35431,58.46971,58.60788,58.8969,59.09752,59.46844,58.99252,59.31084,58.54375,58.97009,58.31564,,58.04348,58.64621,,57.66846,57.85583,58.21921,58.34883,57.94023,58.22373,58.07737,57.58473,57.91102,57.44008,57.85217,58.06002,58.31267,58.45598,59.31181,58.88493,58.39074,58.47464,58.36325,58.44442,58.39008,58.47963,58.50944,58.545,54.15729,57.29798,58.29837,58.16919,57.90992,57.94875,58.45679,57.88431,58.512,57.53389,42.11994,58.14756,58.8424,58.6871,58.74046,58.52944,58.03773,58.42308,58.04742,57.36758,58.892,58.80131,59.23354,58.40975,58.88948,58.17461,58.19867,58.65323,58.77489,58.02338,57.94638,54.45844,58.5295,58.33627,29.43952,57.3656,59.19679,58.53431,58.49383,54.23959,58.95202,58.41389,58.92354,58.72729,58.65857,58.22906,58.26121,57.68779,58.73908,58.02961,54.59346,59.730824999999996,9297.81413
2022-10-05 15:00:00,758.3323,,51.89133,50.66111,51.959187500000006,51.01727,50.96573,50.64584,51.19429,48.17871,51.28685,51.959187500000006,51.70262,52.05627,51.06523,51.84756,51.54112,47.60987,37.82698,52.14202,53.40717,48.31133,53.72723,53.66975,51.79554,53.4841,52.19186,53.59023,52.5136,52.12242,52.43302,50.182,51.80458,49.06631,51.29352,50.29261,45.11069,49.33548,51.959187500000006,48.25291,40.35413,50.76431,43.36636,49.74469,48.15313,51.33583,50.60073,44.00706,50.15694,49.17908,43.813,50.54402,49.27023,48.27471,42.75904,50.4981,49.97877,44.03554,37.13977,43.56969,50.295,49.85727,43.28508,49.5514,36.49,50.62367,43.74354,51.959187500000006,44.84429,52.25407,52.10994,41.05013,50.67273,43.67783,51.94469,50.78423,50.20079,50.31746,50.39658,50.52254,50.77071,50.95481,51.38559,51.24629,51.24137,50.45465,50.88844,50.1984,,50.15168,50.56541,,49.63144,49.82742,50.16554,50.31081,50.19071,50.25077,50.05408,49.61692,49.82292,49.38106,49.82952,50.05754,50.329,50.40692,51.15937,50.76915,50.30565,50.37788,50.27531,50.24775,50.3074,50.37063,50.36958,50.42079,46.66598,49.33154,50.19458,50.08006,50.08463,49.92088,50.19569,49.67348,50.20885,49.23531,36.21238,49.77727,50.60444,50.44421,50.56109,50.37998,50.172,50.27229,49.93985,49.3279,50.6739,50.60188,51.11687,49.94415,50.69296,49.88423,50.03323,50.41516,50.54261,49.7439,49.92086,46.69371,50.25792,49.99332,25.2581,49.46067,51.1224,50.3571,50.28521,46.45908,50.73365,50.35117,50.64463,50.51271,50.3471,49.81202,50.0535,49.40477,50.48621,49.67819,46.66494,51.959187500000006,8049.98434
2022-10-05 16:00:00,550.398,,37.32779,36.54954,37.77177875,36.93706,36.80046,36.64721,36.99929,37.09269,37.05454,37.77177875,37.37567,38.18769,37.06273,37.86483,37.80788,34.417,27.70538,37.75696,39.2464,35.11746,39.54092,39.59892,37.62096,39.56781,38.0649,39.69091,38.71342,37.85523,38.65041,36.81187,37.56452,35.70731,37.36137,36.55885,32.82052,35.55275,37.77177875,34.54435,29.15033,36.87971,31.3786,36.01523,34.71377,36.89229,36.65,31.91262,36.22435,35.16183,31.54496,36.44719,35.4325,34.35806,30.58418,36.24192,35.9539,31.51442,26.87842,31.24537,36.38269,35.91096,31.10054,35.77631,30.2086,36.54092,31.58896,37.77177875,32.52258,37.63411,37.54736,30.04227,36.60581,31.88552,37.55204,36.4685,35.85254,36.08848,36.06585,36.25293,36.25321,36.52598,36.80989,36.69706,36.62965,36.21725,36.45744,35.98671,,36.01404,36.13491,,35.5589,35.69621,35.99283,36.13556,35.938,36.09192,35.85646,35.57858,35.66161,35.31531,35.71187,35.95873,36.11373,36.16648,36.69861,36.42654,36.06284,36.29013,36.01729,36.07617,36.05565,36.24887,36.0854,36.23033,33.48438,35.45235,35.95261,35.93729,35.93419,35.83308,36.0321,35.75859,36.02763,35.44871,27.95087,35.77737,36.38571,36.27415,36.28735,36.29086,36.18419,36.22235,35.77752,35.4566,36.46027,36.38186,36.73131,35.92079,36.42681,35.92681,36.01786,36.39935,36.27879,35.76933,35.86321,33.59477,36.08256,35.92579,18.18813,35.66627,36.82629,36.38296,36.27596,33.58514,36.58819,36.22031,36.39106,36.40471,36.13273,35.75502,35.97627,35.61971,36.34713,35.73748,33.48988,37.77177875,5813.998145
2022-10-05 17:00:00,282.0967,,17.95609,17.56042,18.682590624999996,17.82798,17.81788,17.82409,17.95937,18.27813,17.92077,18.682590624999996,18.06679,19.20475,18.12269,18.92814,18.99879,16.66965,13.94871,18.40871,19.88729,17.2604,20.12465,20.25131,18.46862,20.36904,18.87004,20.51983,19.76844,18.61827,19.6485,18.51863,18.46836,17.78333,18.45485,18.01,16.20019,17.14721,18.682590624999996,16.64321,14.11481,18.08871,15.2574,17.6266,16.84561,17.85464,17.851,15.68177,17.41592,16.57044,15.25935,17.50742,17.0525,16.21392,14.38598,17.44042,17.08254,15.0145,13.07056,14.87998,17.66958,17.27254,14.85039,17.233,15.30931,17.61373,15.31629,18.682590624999996,16.00863,18.13952,18.12942,15.0265,17.81856,15.83573,18.30548,17.42363,16.91454,17.20446,17.09475,17.18071,17.14527,17.36604,17.57967,17.48096,17.349,17.24633,17.376,17.07396,,17.12062,17.09177,,16.82023,16.96246,17.11319,17.28227,16.98371,17.24073,17.04764,16.90194,16.88186,16.68748,16.97269,17.15119,17.22563,17.18327,17.48756,17.3729,17.17513,17.42423,17.11392,17.18798,17.16985,17.3685,17.10577,17.31644,15.92719,16.92562,16.99156,17.10485,17.10246,17.0651,17.18473,17.06221,17.13904,16.78254,17.51398,16.99459,17.38702,17.34448,17.24517,17.45419,17.36623,17.36727,16.97915,16.83323,17.49731,17.3394,17.46419,17.10737,17.36579,17.16273,17.21573,17.27798,17.278,17.01054,17.09498,16.06014,17.18242,17.10971,8.829833,16.95065,17.60529,17.53529,17.37865,16.14885,17.54523,17.26937,17.30029,17.40364,17.15031,16.9501,17.08815,17.04087,17.40089,17.01958,15.94198,18.682590624999996,2809.2983955
2022-10-05 18:00:00,33.87146,,2.010104,1.939917,0.0,2.022563,2.043708,2.106042,2.066896,2.164625,2.041583,0.0,1.957854,2.413313,2.139167,2.303992,2.302562,1.840937,1.771854,2.132229,2.490667,1.980562,2.571,2.562625,2.048104,2.656708,2.164167,2.792854,2.537875,2.040167,2.40875,2.198688,2.055354,2.160333,2.098813,2.264823,1.834562,2.091625,0.0,1.940083,1.528729,2.08875,1.687417,2.120875,2.034979,1.955563,2.085979,1.867875,1.941188,1.932437,1.679687,2.138646,1.916667,1.792083,1.748292,2.011084,1.894542,1.628271,1.554542,1.656729,2.068604,1.968896,1.583271,2.104104,1.801854,2.040958,1.706604,0.0,1.94525,2.081292,2.062333,1.797875,2.082146,1.847208,2.096021,1.848313,1.833583,1.682771,1.633542,1.7475,1.635833,1.815479,1.827479,1.972542,1.687729,1.8115,1.756313,1.7855,,1.824375,1.659687,,1.507208,1.700333,1.610354,1.839542,1.501354,1.761354,1.650083,1.683208,1.546167,1.693438,1.564271,1.823042,1.682771,1.74025,1.846146,1.45,1.397979,1.773875,1.406,1.640333,1.536125,1.700562,1.518187,1.744542,1.402729,1.693688,1.437,1.674333,1.596438,1.676771,1.383,1.690271,1.292021,1.609229,1.517313,1.597521,1.395646,1.642938,1.291687,1.755583,1.509271,1.647646,1.305063,1.679354,1.753834,1.540687,1.542833,1.759021,1.543708,1.763604,1.558875,1.943667,1.493833,1.743375,1.490792,1.640979,1.459583,1.741396,0.9917918,1.767604,1.764083,1.934,1.715708,1.768812,1.822521,1.873604,1.661729,1.851271,1.638563,1.734958,1.592979,1.816958,1.749187,1.805937,1.709417,,289.4179388
2022-10-05 19:00:00,0.0,,,,,,,,,0.0,,,,,,,,,,,,,,,,,,0.09690845,,,,,,,,,,,,,,,,,,,,,,,,0.1093628,,,0.0823552,,,,,,,,,0.1078688,,,,,,,,,,,,,,,,,,,,0.0,,,,,,,,,,,,,,,,,,,,,,,,,,,,,,,,,,,,,,,,,,,,,,,,,,,,,,,,,,,,,,,,,,,,,,,,,,,,,,,,,,,,,0.39649524999999997
2022-10-05 20:00:00,0.0,,,,,,,,,,,,,,,,,,,,,,,,,,,,,,,,,,,,,,,,,,,,,,,,,,,,,,,,,,,,,,,,,,,,,,,,,,,,,,,,,,,,,,,,,,,,,,,,,,,,,,,,,,,,,,,,,,,,,,,,,,,,,,,,,,,,,,,,,,,,,,,,,,,,,,,,,,,,,,,,,,,,,,,,0.0
2022-10-05 21:00:00,0.0,,,,,,,,,,,,,,,,,,,,,,,,,,,,,,,,,,,,,,,,,,,,,,,,,,,,,,,,,,,,,,,,,,,,,,,,,,,,,,,,,,,,,,,,,,,,,,,,,,,,,,,,,,,,,,,,,,,,,,,,,,,,,,,,,,,,,,,,,,,,,,,,,,,,,,,,,,,,,,,,,,,,,,,,0.0
2022-10-05 22:00:00,0.0,,,,,,,,,,,,,,,,,,,,,,,,,,,,,,,,,,,,,,,,,,,,,,,,,,,,,,,,,,,,,,,,,,,,,,,,,,,,,,,,,,,,,,,,,,,,,,,,,,,,,,,,,,,,,,,,,,,,,,,,,,,,,,,,,,,,,,,,,,,,,,,,,,,,,,,,,,,,,,,,,,,,,,,,0.0
2022-10-05 23:00:00,0.0,,,,,,,,,,,,,,,,,,,,,,,,,,,,,,,,,,,,,,,,,,,,,,,,,,,,,,,,,,,,,,,,,,,,,,,,,,,,,,,,,,,,,,,,,,,,,,,,,,,,,,,,,,,,,,,,,,,,,,,,,,,,,,,,,,,,,,,,,,,,,,,,,,,,,,,,,,,,,,,,,,,,,,,,0.0
2022-10-06 00:00:00,0.0,,,,,,,,,,,,,,,,,,,,,,,,,,,,,,,,,,,,,,,,,,,,,,,,,,,,,,,,,,,,,,,,,,,,,,,,,,,,,,,,,,,,,,,,,,,,,,,,,,,,,,,,,,,,,,,,,,,,,,,,,,,,,,,,,,,,,,,,,,,,,,,,,,,,,,,,,,,,,,,,,,,,,,,,0.0
2022-10-06 01:00:00,0.0,,,,,,,,,,,,,,,,,,,,,,,,,,,,,,,,,,,,,,,,,,,,,,,,,,,,,,,,,,,,,,,,,,,,,,,,,,,,,,,,,,,,,,,,,,,,,,,,,,,,,,,,,,,,,,,,,,,,,,,,,,,,,,,,,,,,,,,,,,,,,,,,,,,,,,,,,,,,,,,,,,,,,,,,0.0
2022-10-06 02:00:00,0.0,,,,,,,,,,,,,,,,,,,,,,,,,,,,,,,,,,,,,,,,,,,,,,,,,,,,,,,,,,,,,,,,,,,,,,,,,,,,,,,,,,,,,,,,,,,,,,,,,,,,,,,,,,,,,,,,,,,,,,,,,,,,,,,,,,,,,,,,,,,,,,,,,,,,,,,,,,,,,,,,,,,,,,,,0.0
2022-10-06 03:00:00,0.0,,,,,,,,,,,,,,,,,,,,,,,,,,,,,,,,,,,,,,,,,,,,,,,,,,,,,,,,,,,,,,,,,,,,,,,,,,,,,,,,,,,,,,,,,,,,,,,,,,,,,,,,,,,,,,,,,,,,,,,,,,,,,,,,,,,,,,,,,,,,,,,,,,,,,,,,,,,,,,,,,,,,,,,,0.0
2022-10-06 04:00:00,0.0,,,,,,,,,,,,,,,,,,,,,,,,,,,,,,,,,,,,,,,,,,,,,,,,,,,,,,,,,,,,,,,,,,,,,,,,,,,,,,,,,,,,,,,,,,,,,,,,,,,,,,,,,,,,,,,,,,,,,,,,,,,,,,,,,,,,,,,,,,,,,,,,,,,,,,,,,,,,,,,,,,,,,,,,0.0
2022-10-06 05:00:00,0.0,,,,,,,,,,,,,,,,,,,,,,,,,,,,,,,,,,,,,,,,,,,,,,,,,,,,,,,,,,,,,,,,,,,,,,,,,,,,,,,,,,,,,,,,,,,,,,,,,,,,,,,,,,,,,,,,,,,,,,,,,,,,,,,,,,,,,,,,,,,,,,,,,,,,,,,,,,,,,,,,,,,,,,,,0.0
2022-10-06 06:00:00,0.0,,0.0,0.0,0.0,0.0,0.0,0.0,0.0,0.0,0.0,0.0,0.0,0.0,0.0,0.0,0.0,0.0,0.0,0.0,0.0,0.0,0.0,0.0,0.0,0.0,0.0,0.0,0.0,0.0,0.0,0.0,0.0,0.0,0.0,0.0,0.0,0.0,0.0,0.0,0.0,0.0,0.0,0.0,0.0,0.0,0.0,0.0,0.0,0.0,0.0,0.0,0.0,0.0,0.0,0.0,0.0,0.0,0.0,0.0,0.0,0.0,0.0,0.0,0.0,0.0,0.0,0.0,0.0,0.0,0.0,0.0,0.0,0.0,0.0,0.0,0.0,0.0,0.0,0.0,0.0,0.0,0.0,0.0,0.0,0.0,0.0,0.0,,0.0,0.0,,0.0,0.0,0.0,0.0,0.0,0.0,0.0,0.0,0.0,0.0,0.0,0.0,0.0,0.0,0.0,0.0,0.0,0.0,0.0,0.0,0.0,0.0,0.0,0.0,0.0,0.0,0.0,0.0,0.0,0.0,0.0,0.0,0.0,0.0,0.0,0.0,0.0,0.0,0.0,0.0,0.0,0.0,0.0,0.0,0.0,0.0,0.0,0.0,0.0,0.0,0.0,0.0,0.0,0.0,0.0,0.0,0.0,0.0,0.0,0.0,0.0,0.0,0.0,0.0,0.0,0.0,0.0,0.0,0.0,0.0,0.0,0.0,0.0,0.0,0.0,,0.0
2022-10-06 07:00:00,22.88082,,1.097813,1.816812,0.0,2.032729,2.259291,2.265208,1.594792,1.191042,2.381625,0.0,2.208417,1.009854,2.358729,0.7915625,0.8819583,2.026458,0.7450833,1.884937,0.5292291,1.051021,0.8782708,0.7193334,1.484083,0.7929792,0.9016876,0.8976249,0.8256041,0.9169167,0.7332708,0.7143958,0.9581251,0.8665417,1.004312,0.8800209,0.8538541,0.9715,0.0,0.9229376,0.990125,1.171229,1.501646,1.16575,1.10725,1.971875,0.6637499,1.471875,0.6918333,1.216042,0.9585832,1.170604,1.064917,1.340792,2.590271,1.989083,1.141542,2.763417,0.8598542,1.206687,1.450021,1.834667,2.375021,2.238646,2.685563,1.440271,2.401917,0.0,2.714084,1.831187,1.959313,1.937791,1.372313,2.064375,1.205938,4.100458,3.873021,3.430418,3.592126,3.488312,3.729521,3.371292,4.114771,3.559667,3.681647,3.534104,3.747478,3.698124,,3.569625,3.963167,,3.474437,3.050104,3.466478,2.851437,3.671728,2.435667,3.240147,3.169354,3.486626,2.831083,3.609603,3.240354,3.706522,3.423103,3.669313,3.287292,3.213646,2.281833,3.340021,1.966708,3.390291,2.273354,3.274103,2.791583,3.041812,3.180854,3.360479,3.106854,3.525022,3.279603,3.068022,2.441062,2.625625,2.479521,2.994543,2.603979,2.792438,2.77225,2.546667,2.431917,3.505083,2.318,3.297605,2.449708,2.311063,2.814646,2.827729,2.314792,2.694604,2.586084,2.677438,2.607625,2.763521,2.330354,2.997084,2.393104,2.605646,2.709521,2.268021,2.639833,2.670166,2.343271,2.865729,2.374396,2.769021,2.685313,2.671583,2.627479,2.497208,2.415271,2.805375,2.499791,2.716167,2.679479,2.293646,,366.8707735
2022-10-06 08:00:00,268.764,,19.87035,21.27033,22.362695000000002,21.38058,21.42582,21.43006,21.22083,20.16029,22.05144,22.362695000000002,21.78744,16.62254,21.61058,13.81569,12.80752,19.7775,13.43348,21.32077,12.29723,18.71646,12.38327,9.442543,20.3985,8.005105,18.82079,8.728001,8.764273,19.9574,7.791751,8.915355,19.74721,10.35785,18.61233,9.723186,16.53294,12.34927,22.362695000000002,13.93261,15.35627,15.10494,16.14463,12.94548,10.5766,20.20098,8.539666,17.15735,8.615251,10.13425,16.19979,10.50233,14.75733,17.73729,17.32681,16.83579,13.05941,18.93806,8.578854,17.70996,14.51169,17.18144,18.99669,19.95033,18.30533,19.87919,17.9525,22.362695000000002,18.07677,21.05913,20.92831,15.28831,20.29148,16.89258,18.49354,22.49217,22.56096,22.18981,22.36057,22.11394,22.58058,22.3491,22.90575,22.76671,22.48262,22.11146,22.36927,21.99975,,21.86786,22.41948,,22.05567,21.95146,22.08354,22.31452,22.5561,21.62956,22.09514,21.79679,22.14729,21.45509,22.30285,22.02194,22.50714,22.06744,22.5029,22.36748,22.04544,21.67035,22.26596,21.35731,22.24454,21.62356,22.18921,21.82261,20.57906,21.88956,22.22892,21.90418,22.25794,21.99723,22.11802,21.43029,21.57068,20.8996,22.14363,21.02092,21.98765,21.8855,21.77467,21.57886,22.51504,21.71184,22.04693,21.17519,21.96786,22.0395,22.19785,21.22183,21.90038,21.58827,21.60129,21.61873,22.00479,21.22429,21.9025,20.05935,21.57579,21.80216,15.75906,21.36885,22.5666,21.90094,22.38269,20.49612,20.90554,22.06704,21.97656,22.0271,21.6544,21.40558,21.85127,21.49117,21.86383,21.775,20.069,22.362695000000002,3162.7653750000004
2022-10-06 09:00:00,536.4483,,41.51625,41.01794,41.5762265625,41.02342,40.80163,40.57552,40.75031,39.91558,41.41725,41.5762265625,41.36354,37.17323,40.80584,34.58219,33.00702,37.81533,33.81198,40.91679,36.77444,37.273,32.94915,30.2016,40.17688,30.76577,40.11421,32.09031,30.23866,40.28246,29.01962,28.93421,40.33269,29.42873,39.6119,30.32279,34.513,29.97402,41.5762265625,34.32477,31.07131,37.14704,32.839,32.42077,29.58839,39.91412,29.85035,34.3195,31.26806,29.71596,33.86933,30.51615,38.26777,37.4389,33.59762,34.82998,31.99775,35.5645,33.44008,35.20825,33.81815,39.53254,34.82554,40.25352,34.91448,40.54539,34.58829,41.5762265625,34.83431,41.26606,41.0634,30.59623,39.83715,33.35638,38.23959,41.73469,41.78696,41.35931,41.52433,41.38048,41.83246,41.74206,42.25504,42.13531,41.97023,41.31741,41.68354,41.30096,,41.12542,41.61471,,40.86585,40.87658,41.09113,41.26485,41.58533,40.92196,41.17365,40.67648,41.08892,40.36046,41.18362,41.065,41.60221,41.34546,41.89935,41.60331,41.08175,40.81327,41.28552,40.68713,41.26071,40.83381,41.30185,41.0224,38.3305,40.51519,41.29844,40.88752,41.15118,40.99781,41.15727,40.4901,40.81171,39.78552,41.41863,40.06792,41.32775,40.99785,41.29071,40.79731,41.37906,40.79896,40.9279,39.96725,41.17383,41.23,41.65567,40.4384,41.18417,40.63223,40.70533,40.78394,41.30516,40.3166,40.87327,37.84306,40.81073,40.87827,29.35217,40.31773,41.98927,41.10138,41.50252,38.26863,38.72065,41.1916,41.23496,41.28267,40.8554,40.42225,40.78719,40.38712,41.00666,40.60427,37.84113,41.5762265625,6303.41114625
2022-10-06 10:00:00,756.3166,,55.87381,55.15573,55.6049671875,55.20816,55.012,54.5279,55.06715,50.09133,55.61821,55.6049671875,55.67591,54.0595,54.85806,53.62348,49.66054,51.09616,37.78717,55.50394,54.17038,50.93598,51.87571,47.13489,54.67685,53.19571,54.79777,42.04098,49.98542,54.92629,49.41306,45.81784,54.87569,47.13581,54.042,46.91012,47.26271,46.16015,55.6049671875,49.71958,42.4935,52.64533,45.35542,51.19252,47.92954,54.49471,52.37919,46.58527,50.10241,46.35656,46.11683,48.81269,52.655,51.59975,45.66411,53.7696,47.75938,47.69287,49.88756,47.48342,49.9511,53.37175,46.67754,53.70371,46.93548,54.44783,46.58163,55.6049671875,47.16792,55.66261,55.35392,41.94946,53.67367,45.44477,54.41881,55.67988,55.70206,55.249,55.462,55.42652,55.91992,55.86875,56.45756,56.13267,56.25821,55.27577,55.82261,55.20375,,54.98044,55.53823,,54.52198,54.67846,54.90871,55.14439,55.21623,54.87419,54.98902,54.37221,54.8109,54.19654,54.86256,54.87198,55.46977,55.28513,56.08467,55.5355,54.89611,54.79402,55.08435,54.80685,55.08808,54.8399,55.19625,55.03986,51.1696,54.11411,55.14198,54.75281,54.80681,54.81356,54.92979,54.30915,54.70106,53.66498,48.71675,53.98623,55.27544,54.96633,55.24592,54.73523,54.86013,54.74548,54.63364,53.84267,55.22852,55.13567,55.76121,54.49604,55.21019,54.48391,54.47362,52.2981,55.21329,54.22688,54.58096,50.80761,54.72508,54.76369,37.16979,54.01915,55.95098,54.94967,55.23898,51.13219,51.54042,55.18789,55.28896,55.29606,54.8481,54.34875,54.59467,53.94648,54.93667,54.35865,50.96591,55.6049671875,8615.766508749999
2022-10-06 11:00:00,927.5576,,61.2591,61.06735,61.34930625,61.87698,61.27829,60.1589,61.16462,59.97602,61.11519,61.34930625,60.87106,61.31525,60.09566,61.15548,60.88969,58.70412,45.48989,61.38887,61.26506,58.98139,61.19252,61.13671,61.03231,61.19565,61.32206,38.70177,61.00665,61.23767,60.96177,59.87602,61.88133,59.14258,61.12127,60.36117,54.9076,59.46848,61.34930625,59.18314,49.52831,60.90358,53.25271,60.54313,59.18725,61.21938,61.29989,53.97869,61.37727,58.75883,53.59629,59.77373,60.77204,59.99508,53.31905,61.23627,60.85217,54.80229,45.80812,54.57825,60.27108,60.76877,53.44875,59.97219,49.9726,38.59635,53.66084,61.34930625,54.39554,61.4305,61.2595,48.76281,61.10641,52.66615,61.12294,60.17036,61.30327,61.13652,60.95852,60.96385,61.0465,61.08281,61.46146,60.06992,61.04544,61.10569,61.10227,61.13298,,60.15421,60.98298,,60.86469,60.98056,60.99648,61.21452,59.17179,61.09196,61.44546,60.72577,61.04808,60.72075,61.12371,61.08767,61.48643,61.06264,61.21333,61.05188,61.06631,61.49488,61.0876,61.23423,61.15596,61.1209,61.15208,61.35204,58.3811,60.81823,60.86329,60.9791,59.34315,61.16558,61.10033,61.09985,61.15225,60.83514,59.89042,61.02931,61.3051,61.20952,60.97192,61.2575,60.16996,61.0366,60.72121,60.05312,61.2099,61.03811,61.12383,61.20806,61.04858,61.05525,61.18327,61.49798,61.25202,60.965,60.03892,58.4531,61.21512,61.15398,31.72038,60.06175,60.9876,61.1845,60.92694,58.4566,58.74246,60.03427,61.06585,60.89019,61.1815,60.96865,60.91633,60.92036,61.37762,61.11388,58.73929,61.34930625,9693.176075
2022-10-06 12:00:00,1017.336,,61.28965,61.08721,61.51920250000001,61.95633,61.33984,60.15075,61.23244,56.08971,61.12642,61.51920250000001,60.90025,61.50135,60.08887,61.35498,61.13216,59.68708,46.59169,61.43398,61.3954,60.02419,61.28481,61.35621,61.10881,61.3885,61.39154,61.46069,61.49327,61.28873,61.28038,61.36256,62.0005,61.4109,61.29006,61.53748,56.53969,61.37777,61.51920250000001,61.30367,50.93633,61.35458,55.14471,61.36952,59.96819,61.34196,61.57369,55.67529,61.95419,60.14527,55.48996,59.96819,61.53902,61.33308,55.24686,61.4754,61.42731,56.29838,46.65517,55.95756,61.41794,61.24118,54.37571,60.08717,45.97548,35.25239,55.4914,61.51920250000001,56.28656,61.49296,61.32356,50.61529,61.54506,54.86842,61.24767,60.16329,61.34548,61.23413,60.98463,61.00063,61.06838,61.11877,61.49494,60.07117,61.09069,61.16592,61.14077,61.20316,,60.14531,61.01167,,60.9851,61.08227,61.07787,61.27723,59.17698,61.2109,61.61952,60.8644,61.15033,60.87843,61.23325,61.22667,61.54925,61.10627,61.23892,61.08304,61.1481,61.64669,61.13133,61.36152,61.21171,61.22429,61.21469,61.45227,59.08167,60.99,60.88423,61.07458,59.38414,61.29052,61.17677,61.2745,61.29096,61.09084,60.52371,61.23669,61.39306,61.24346,61.02402,61.35394,60.16352,61.10177,60.76325,60.08529,61.24196,61.08227,61.15271,61.34525,61.08765,61.18406,61.40533,61.64483,61.31923,61.17838,60.02452,60.12835,61.37229,61.26131,32.53389,60.08688,61.01865,61.24127,60.94318,59.18085,59.45627,60.04031,61.11321,60.89779,61.28977,61.0595,60.99346,61.16386,61.53094,61.2706,60.36288,61.51920250000001,9766.838469999999
2022-10-06 13:00:00,1011.961,,56.95171,56.72925,61.3588703125,61.96096,61.37427,60.16029,61.26975,61.30127,56.79842,61.3588703125,56.10042,57.15521,55.36329,56.52073,56.79836,58.92708,46.21083,61.46032,56.58387,59.22873,56.96215,61.39858,61.14302,56.5821,56.62434,33.29056,56.70412,56.54271,56.51596,56.48669,62.01156,60.97475,61.34071,61.50746,55.88369,61.30046,61.3588703125,60.79358,50.2065,56.63919,50.31458,59.18029,55.33121,56.56858,56.8605,54.89321,57.08923,55.51875,54.72075,55.36825,61.47592,60.87719,54.48904,61.51917,56.6939,51.21059,42.52348,55.10186,56.78381,56.49931,49.47717,60.08904,45.33227,35.47065,54.65394,61.3588703125,55.51786,56.90219,56.76271,50.07852,61.5984,53.99279,56.69425,55.87862,56.57515,56.91092,56.15258,56.69875,60.5674,56.29467,60.81952,60.07819,56.27198,61.19398,55.83092,56.39852,,60.15698,56.21283,,56.21125,56.37587,56.33269,56.44267,54.53761,56.2284,60.84596,56.18587,60.66186,55.55992,61.26664,56.00031,61.57115,55.77396,56.03165,55.62329,56.41927,56.56265,56.41881,61.42219,56.49831,55.68423,55.9971,60.92248,53.79786,60.98742,56.2089,55.62604,59.42098,60.85939,56.51481,56.65029,61.02458,56.31282,45.73856,56.63604,61.4489,61.26629,55.71502,56.58387,60.16891,56.0179,55.65509,55.58077,56.48513,56.42633,56.55708,56.80646,55.98456,56.66639,61.45127,56.61027,61.37983,61.23171,60.02766,59.15969,56.72884,56.02123,32.04429,55.65192,56.48848,61.26621,56.32162,53.87804,54.37487,55.64998,56.60965,56.46711,61.33894,56.36908,56.50723,61.19469,61.58113,61.29984,59.50365,61.3588703125,9270.740551249997
2022-10-06 14:00:00,931.2017,,58.93102,58.33611,59.965876875000006,60.41021,60.41542,59.52129,60.42561,60.27692,58.5936,59.965876875000006,58.68716,58.97919,57.84713,58.81009,58.48656,56.42702,44.33656,60.99842,59.38377,56.94108,59.31346,61.281,60.53688,59.28577,58.9605,29.75135,59.1341,58.93187,58.86325,57.04367,60.66233,58.09837,60.32096,59.4981,53.15973,58.76479,59.965876875000006,57.2045,47.70246,58.09296,49.76048,55.82229,55.61208,58.542,58.29569,52.06379,57.69104,56.63898,51.80354,57.55679,58.68471,57.7546,51.075,60.11964,57.53254,50.52698,42.46516,52.08208,57.56423,57.17223,49.53548,58.58371,43.18785,40.103,51.82044,59.965876875000006,52.88492,59.07442,58.91948,47.99275,59.62894,51.42729,58.69646,57.4845,57.77798,57.5645,57.56057,57.88042,59.84813,58.26071,60.45923,59.76144,58.39648,59.771,58.06311,57.70796,,59.09431,57.78,,56.92996,57.25742,57.34638,57.73988,56.92344,57.51631,59.21315,56.98181,59.10769,56.80698,59.04433,57.32042,59.48611,57.70748,58.4205,58.05983,57.60469,57.72086,57.57071,59.70358,57.67889,57.7589,57.71933,59.82539,53.47669,58.75173,57.54712,57.57596,58.75879,59.34357,57.61767,57.18577,59.66383,56.73167,42.9759,57.45631,59.98127,59.7809,57.89056,57.77302,59.11425,57.74091,57.39577,56.65379,58.08535,58.00342,58.47571,57.78096,58.20316,57.48352,59.44479,57.82896,59.95739,59.25781,58.97408,55.642,57.60421,57.54398,30.10346,56.60017,58.49656,59.74179,57.9504,53.80869,54.19254,57.7196,58.28883,58.13883,59.92886,57.60688,57.68256,59.0405,60.00223,59.4156,55.97768,59.965876875000006,9276.1456875
2022-10-06 15:00:00,782.1747,,52.7739,51.75163,52.911210000000004,51.94627,52.04071,51.61069,52.17619,37.41042,52.3396,52.911210000000004,52.74194,53.09563,52.07746,52.84061,52.51131,48.54108,38.49829,53.1274,54.30844,49.25254,54.50546,54.52332,52.72348,54.33329,53.20229,54.47798,53.48369,53.11771,53.35065,51.06233,52.82823,49.96645,52.32744,51.29477,46.01321,50.28271,52.911210000000004,49.20752,41.13875,51.7675,44.21931,50.67675,49.03437,52.31146,51.71564,44.81569,51.14821,50.15308,44.52619,51.51913,50.13594,49.12402,43.46835,51.49388,50.8966,44.78594,37.83323,44.39661,51.1586,50.72706,44.00898,50.40775,37.1016,45.01583,44.49437,52.911210000000004,45.63794,53.09075,52.92998,41.77119,51.46744,44.4925,52.77231,51.7141,51.1696,51.22333,51.2799,51.4361,51.71954,51.93177,52.37677,52.26275,52.22152,51.43171,51.83494,51.20348,,51.09637,51.46331,,50.52896,50.77483,51.04946,51.24512,51.12073,51.15446,50.95625,50.53133,50.743,50.23611,50.75639,50.92352,51.26723,51.31267,52.10646,51.71062,51.18744,51.38779,51.17006,51.26229,51.28842,51.33119,51.33012,51.3974,47.52467,50.2771,51.14575,50.98283,50.95269,50.83139,51.17321,50.63202,51.17556,50.17656,36.93631,50.7215,51.60141,51.40071,51.55719,51.36492,51.0865,51.30109,50.8791,50.31854,51.71198,51.54291,52.08339,50.96423,51.71083,50.87246,51.02848,51.36389,51.55939,50.69661,50.89771,47.5541,51.21796,50.934,25.75164,50.34594,52.0966,51.26696,51.27025,47.55685,47.97863,51.46341,51.64171,51.58688,51.31055,50.83739,51.00125,50.40975,51.38913,50.65036,47.64611,52.911210000000004,8179.14387
2022-10-06 16:00:00,561.0509,,37.95995,37.23273,38.38982406250001,37.59589,37.50496,37.26477,37.62321,24.41109,37.67189,38.38982406250001,37.97892,38.84544,37.63571,38.49325,38.43264,34.96544,28.14627,38.353,39.85108,35.69702,40.04629,40.18794,38.22992,40.16513,38.73071,40.31906,39.35698,38.51246,39.2371,37.38667,38.25937,36.20813,38.00042,37.11404,33.36187,36.10317,38.38982406250001,35.01575,29.59154,37.43154,31.90996,36.46971,35.17315,37.49825,37.18812,32.42979,36.79394,35.65692,32.03487,36.96883,35.90242,34.8754,31.06233,36.81898,36.50988,32.02583,27.29006,31.83577,36.94625,36.47361,31.61563,36.36979,26.74861,37.12008,32.17942,38.38982406250001,33.16906,38.22742,38.16508,30.64235,37.23473,32.48806,38.20702,37.20417,36.53269,36.82985,36.78881,36.91854,37.03369,37.25696,37.63994,37.45936,37.40598,36.92514,37.20892,36.73179,,36.7345,36.87584,,36.24611,36.38313,36.65908,36.82383,36.66119,36.75627,36.58644,36.23756,36.4061,35.93179,36.45894,36.59369,36.86229,36.829,37.4099,37.13039,36.74967,36.94321,36.71311,36.74142,36.81673,36.89687,36.81618,36.90117,34.15435,36.11708,36.67608,36.57159,36.59743,36.50642,36.73642,36.41035,36.70827,36.0449,36.11452,36.40804,37.09554,36.92087,36.99369,36.95281,36.84648,36.89385,36.47952,36.06769,37.11704,37.01731,37.39242,36.53842,37.10921,36.52034,36.689,36.9725,36.9836,36.36044,36.53313,34.16056,36.74075,36.53579,18.54423,36.26917,37.44454,36.94981,36.8931,34.22931,34.51619,36.90842,37.01119,37.08062,36.75656,36.35165,36.59329,36.28756,36.93362,36.34819,34.10417,38.38982406250001,5903.800246250001
2022-10-06 17:00:00,288.3762,,18.36313,17.94754,19.089819375000005,18.24146,18.25594,18.20588,18.36756,18.69312,18.30852,19.089819375000005,18.45154,19.65667,18.48227,19.36619,19.43369,17.02487,14.25441,18.79202,20.33898,17.66113,20.53811,20.71746,18.86283,20.84233,19.30023,20.98129,20.22537,19.04412,20.05804,18.9135,18.90206,18.11333,18.8551,18.38294,16.55531,17.47558,19.089819375000005,16.92023,14.37521,18.45225,15.60023,17.91836,17.11425,18.20125,18.18379,15.99216,17.75912,16.82369,15.52562,17.79317,17.31296,16.46288,14.60448,17.76369,17.35202,15.26952,13.3175,15.182,17.97471,17.58958,15.11796,17.5681,14.28057,17.96154,15.62248,19.089819375000005,16.35956,18.47425,18.47112,15.38025,18.17189,16.17829,18.695,17.72546,17.1996,17.55598,17.41458,17.52008,17.50062,17.74908,17.97238,17.85648,17.70033,17.5881,17.69533,17.43513,,17.46017,17.39269,,17.17846,17.33479,17.45325,17.65908,17.35225,17.59519,17.41979,17.25773,17.24471,17.02331,17.33973,17.49004,17.58904,17.52067,17.85015,17.73262,17.49971,17.78238,17.45285,17.55779,17.56498,17.7236,17.49714,17.68473,16.27092,17.28712,17.38581,17.43394,17.44762,17.42179,17.54579,17.43848,17.49496,17.081,17.89427,17.33223,17.77969,17.70475,17.62915,17.83679,17.69479,17.75454,17.32944,17.17686,17.86894,17.71979,17.87681,17.52686,17.76517,17.52571,17.61775,17.83064,17.68409,17.36937,17.46692,16.38698,17.54092,17.455,8.949916,17.29333,18.02556,17.91783,17.74962,16.52346,16.62631,17.69796,17.68193,17.83019,17.52737,17.33325,17.46708,17.44927,17.76565,17.40141,16.33185,19.089819375000005,2865.4583535
2022-10-06 18:00:00,31.77394,,1.965312,1.881917,0.0,1.974167,2.010187,2.061292,2.011708,2.119709,1.982417,0.0,1.912354,2.387312,2.082771,2.278646,2.270542,1.776875,1.7105,2.070688,2.453583,1.954334,2.517229,2.522375,1.990396,2.639917,2.121417,2.763583,2.529021,1.973292,2.365104,2.160604,1.983563,2.072667,2.016458,2.235625,1.785104,2.034521,0.0,1.864583,1.461313,2.017396,1.629958,2.038854,1.988667,1.857938,1.997667,1.802083,1.890063,1.856458,1.611813,2.085746,1.806521,1.713229,1.671209,1.966729,1.80575,1.5705,1.546625,1.621187,1.983208,1.904979,1.517708,2.050542,1.730958,1.997375,1.650958,0.0,1.923562,2.021958,2.016292,1.788667,2.044479,1.803021,2.063313,1.766146,1.738271,1.557104,1.488604,1.65225,1.524979,1.738979,1.787729,1.912979,1.581292,1.725583,1.674813,1.718625,,1.756146,1.557271,,1.365208,1.601479,1.443563,1.782338,1.371375,1.651438,1.533771,1.595604,1.436375,1.601667,1.430146,1.738542,1.537313,1.665937,1.750458,1.272229,1.231458,1.643292,1.187417,1.546771,1.364083,1.582063,1.356833,1.6255,1.310229,1.587937,1.249042,1.590917,1.442937,1.584583,1.244854,1.624125,1.122167,1.514375,1.328438,1.51775,1.205583,1.532354,1.1045,1.62675,1.353562,1.543187,1.087792,1.579833,1.642896,1.4445,1.409167,1.720583,1.391875,1.691687,1.410833,1.743979,1.406708,1.655396,1.317792,1.577875,1.321208,1.650146,0.9164584,1.682417,1.669271,1.881208,1.629375,1.713396,1.611271,1.833021,1.555896,1.813333,1.512604,1.6635,1.508125,1.766958,1.647396,1.748396,1.679896,,275.7802114
2022-10-06 19:00:00,0.0,,,0.0,,,,,,,,,,,,0.0,,0.0,,0.0,,,,,0.0,,,,,,,0.0,0.0,,,,,,,,,,,,,,,,,,,,,,0.08280624,,,,,,,0.0,,0.1586014,,0.0,,0.0,,,,,,0.0,,0.0,0.0,,,,,,,,,0.0,,0.0,,,,,,,,,,,,,,,,,,,,,0.0,,,,,,,,,,,,,,,,0.0,0.0,,,,0.0,,,0.0,0.0,,,,,,,,,0.0,,0.0,0.0,0.0,,,,0.1065249,,0.0,,0.0,,,0.0,,,,,,,,,,,0.34793254
2022-10-06 20:00:00,0.0,,,,,,,,,,,,,,,,,,,,,,,,,,,,,,,,,,,,,,,,,,,,,,,,,,,,,,,,,,,,,,,,,,,,,,,,,,,,,,,,,,,,,,,,,,,,,,,,,,,,,,,,,,,,,,,,,,,,,,,,,,,,,,,,,,,,,,,,,,,,,,,,,,,,,,,,,,,,,,,,,,,,,,,,0.0
2022-10-06 21:00:00,0.0,,,,,,,,,,,,,,,,,,,,,,,,,,,,,,,,,,,,,,,,,,,,,,,,,,,,,,,,,,,,,,,,,,,,,,,,,,,,,,,,,,,,,,,,,,,,,,,,,,,,,,,,,,,,,,,,,,,,,,,,,,,,,,,,,,,,,,,,,,,,,,,,,,,,,,,,,,,,,,,,,,,,,,,,0.0
2022-10-06 22:00:00,0.0,,,,,,,,,,,,,,,,,,,,,,,,,,,,,,,,,,,,,,,,,,,,,,,,,,,,,,,,,,,,,,,,,,,,,,,,,,,,,,,,,,,,,,,,,,,,,,,,,,,,,,,,,,,,,,,,,,,,,,,,,,,,,,,,,,,,,,,,,,,,,,,,,,,,,,,,,,,,,,,,,,,,,,,,0.0
2022-10-06 23:00:00,0.0,,,,,,,,,,,,,,,,,,,,,,,,,,,,,,,,,,,,,,,,,,,,,,,,,,,,,,,,,,,,,,,,,,,,,,,,,,,,,,,,,,,,,,,,,,,,,,,,,,,,,,,,,,,,,,,,,,,,,,,,,,,,,,,,,,,,,,,,,,,,,,,,,,,,,,,,,,,,,,,,,,,,,,,,0.0
2022-10-07 00:00:00,0.0,,,,,,,,,,,,,,,,,,,,,,,,,,,,,,,,,,,,,,,,,,,,,,,,,,,,,,,,,,,,,,,,,,,,,,,,,,,,,,,,,,,,,,,,,,,,,,,,,,,,,,,,,,,,,,,,,,,,,,,,,,,,,,,,,,,,,,,,,,,,,,,,,,,,,,,,,,,,,,,,,,,,,,,,0.0
2022-10-07 01:00:00,0.0,,,,,,,,,,,,,,,,,,,,,,,,,,,,,,,,,,,,,,,,,,,,,,,,,,,,,,,,,,,,,,,,,,,,,,,,,,,,,,,,,,,,,,,,,,,,,,,,,,,,,,,,,,,,,,,,,,,,,,,,,,,,,,,,,,,,,,,,,,,,,,,,,,,,,,,,,,,,,,,,,,,,,,,,0.0
2022-10-07 02:00:00,0.0,,,,,,,,,,,,,,,,,,,,,,,,,,,,,,,,,,,,,,,,,,,,,,,,,,,,,,,,,,,,,,,,,,,,,,,,,,,,,,,,,,,,,,,,,,,,,,,,,,,,,,,,,,,,,,,,,,,,,,,,,,,,,,,,,,,,,,,,,,,,,,,,,,,,,,,,,,,,,,,,,,,,,,,,0.0
2022-10-07 03:00:00,0.0,,,,,,,,,,,,,,,,,,,,,,,,,,,,,,,,,,,,,,,,,,,,,,,,,,,,,,,,,,,,,,,,,,,,,,,,,,,,,,,,,,,,,,,,,,,,,,,,,,,,,,,,,,,,,,,,,,,,,,,,,,,,,,,,,,,,,,,,,,,,,,,,,,,,,,,,,,,,,,,,,,,,,,,,0.0
2022-10-07 04:00:00,0.0,,,,,,,,,,,,,,,,,,,,,,,,,,,,,,,,,,,,,,,,,,,,,,,,,,,,,,,,,,,,,,,,,,,,,,,,,,,,,,,,,,,,,,,,,,,,,,,,,,,,,,,,,,,,,,,,,,,,,,,,,,,,,,,,,,,,,,,,,,,,,,,,,,,,,,,,,,,,,,,,,,,,,,,,0.0
2022-10-07 05:00:00,0.0,,,,,,,,,,,,,,,,,,,,,,,,,,,,,,,,,,,,,,,,,,,,,,,,,,,,,,,,,,,,,,,,,,,,,,,,,,,,,,,,,,,,,,,,,,,,,,,,,,,,,,,,,,,,,,,,,,,,,,,,,,,,,,,,,,,,,,,,,,,,,,,,,,,,,,,,,,,,,,,,,,,,,,,,0.0
2022-10-07 06:00:00,0.0,,0.0,0.0,0.0,0.0,0.0,0.0,0.0,0.0,0.0,0.0,0.0,0.0,0.0,0.0,0.0,0.0,0.0,0.0,0.0,0.0,0.0,0.0,0.0,0.0,0.0,0.0,0.0,0.0,0.0,0.0,0.0,0.0,0.0,0.0,0.0,0.0,0.0,0.0,0.0,0.0,0.0,0.0,0.0,0.0,0.0,0.0,0.0,0.0,0.0,0.0,0.0,0.0,0.0,0.0,0.0,0.0,0.0,0.0,0.0,0.0,0.0,0.0,0.0,0.0,0.0,0.0,0.0,0.0,0.0,0.0,0.0,0.0,0.0,0.0,0.0,0.0,0.0,0.0,0.0,0.0,0.0,0.0,0.0,0.0,0.0,0.0,,0.0,0.0,,0.0,0.0,0.0,0.0,0.0,0.0,0.0,0.0,0.0,0.0,0.0,0.0,0.0,0.0,0.0,0.0,0.0,0.0,0.0,0.0,0.0,0.0,0.0,0.0,0.0,0.0,0.0,0.0,0.0,0.0,0.0,0.0,0.0,0.0,0.0,0.0,0.0,0.0,0.0,0.0,0.0,0.0,0.0,0.0,0.0,0.0,0.0,0.0,0.0,0.0,0.0,0.0,0.0,0.0,0.0,0.0,0.0,0.0,0.0,0.0,0.0,0.0,0.0,0.0,0.0,0.0,0.0,0.0,0.0,0.0,0.0,0.0,0.0,0.0,0.0,,0.0
2022-10-07 07:00:00,24.78236,,1.138771,1.644229,0.0,1.824687,2.046083,2.168354,1.548583,1.121417,2.203583,0.0,1.981333,1.129167,2.279437,0.8458126,0.9326667,1.909313,0.8309168,1.862479,0.6033541,1.0525,0.9135835,0.782146,1.5385,0.850396,1.009521,0.9425625,0.871375,0.9677082,0.7819583,0.7474167,1.025563,0.8176876,1.066646,0.8821874,0.8555625,0.9666666,0.0,0.8904166,1.011021,1.089333,1.361792,1.207625,1.210146,1.861146,0.7490626,1.526854,0.7113749,1.274646,0.9537916,1.235104,1.070208,1.264604,2.437396,1.850938,1.214104,2.563417,0.9932085,1.222917,1.396062,1.758083,2.195854,2.141437,2.5205,1.516167,2.326167,0.0,2.580396,1.766563,1.957396,1.847125,1.430563,2.034021,1.194792,3.803333,3.573833,3.125292,3.268938,3.231042,3.399896,3.175708,3.765374,3.281729,3.302917,3.143333,3.354521,3.364292,,3.279146,3.649042,,3.191979,2.875854,3.185375,2.77375,3.396375,2.176708,3.008042,2.906209,3.25525,2.710479,3.342417,2.837812,3.443353,3.052625,3.376875,2.986042,2.979813,2.133812,3.050562,1.874854,3.140667,2.100312,2.958708,2.48075,2.804833,2.972,3.021521,2.849625,3.257,3.022604,2.829271,2.346542,2.399167,2.3115,2.760188,2.398917,2.589021,2.563167,2.354229,2.29225,3.187229,2.129375,2.959979,2.309875,2.209687,2.598,2.593688,2.105375,2.481104,2.358167,2.42075,2.370375,2.528333,2.1235,2.761708,2.213063,2.386729,2.483792,2.1005,2.473021,2.468042,2.201229,2.652354,2.141125,2.547333,2.409354,2.445959,2.365771,2.249646,2.169979,2.519021,2.265604,2.468771,2.459688,2.062063,,343.45544069999994
2022-10-07 08:00:00,258.4183,,18.55554,20.14392,21.267688437499995,20.4129,20.4685,20.50006,20.21539,19.19337,21.04708,21.267688437499995,20.82406,16.09877,20.67292,13.39373,12.33358,18.93069,13.09921,20.40746,11.80944,17.86673,12.13433,9.465227,19.60294,8.074041,18.01535,8.356124,8.531562,18.93765,7.685771,8.324605,18.83006,9.943042,17.7401,9.329249,15.67469,11.49777,21.267688437499995,13.28981,14.65133,14.3969,15.30002,12.69075,10.48787,19.31383,8.432501,16.34427,8.220187,9.820707,15.38496,9.914415,13.58006,16.49504,16.43246,16.1345,12.40273,18.0181,13.16117,16.95406,13.86165,15.89229,17.89186,18.93573,17.44929,18.82471,17.11769,21.267688437499995,17.20341,20.00077,19.99504,14.57189,19.2639,16.07885,17.81883,21.31819,21.49019,21.0169,21.22725,21.04711,21.38432,21.26068,21.72079,21.69152,21.28075,21.05708,21.17788,21.01052,,20.80644,21.2474,,20.94304,20.86304,21.00443,21.26675,21.42625,20.612,20.95842,20.72082,21.06725,20.43163,21.12046,20.94766,21.36842,21.04036,21.38787,21.32996,21.0234,20.68456,21.1482,20.291,21.16796,20.61225,21.09148,20.80263,19.55529,20.86012,21.06235,20.81344,21.14794,20.9574,21.08689,20.45585,20.55317,19.91204,21.06444,20.06221,20.93616,20.88331,20.744,20.55842,21.48896,20.712,21.01855,20.18373,20.98825,21.08566,21.21956,20.27942,20.89688,20.61402,20.63633,20.52546,21.03363,20.21292,20.91952,19.16746,20.53111,20.77871,16.43877,20.40861,21.61366,21.00825,21.40915,19.56719,19.97077,21.08567,21.00616,21.0711,20.69248,20.46521,20.87415,20.51012,20.8934,20.76658,19.1221,21.267688437499995,3021.41362475
2022-10-07 09:00:00,526.4009,,40.77361,40.29371,40.882827187500006,40.25025,40.05062,39.90496,40.04435,39.17808,40.71781,40.882827187500006,40.67723,36.566,40.19989,33.56256,32.66156,37.21771,33.06269,40.27352,36.09823,36.66881,32.48248,29.83452,39.57227,29.68854,39.45742,31.7299,29.83321,39.64685,28.57262,28.33063,39.68808,28.8775,38.98217,29.53973,33.94121,29.21568,40.882827187500006,33.21515,30.57042,36.37511,32.27404,31.9761,29.29871,39.28671,29.06858,33.74254,30.73046,29.34185,33.31354,28.66092,37.26306,36.67146,33.08465,34.53463,31.53231,34.98962,32.6329,34.6599,33.31787,38.81954,34.25058,39.55108,34.33775,39.87083,33.99905,40.882827187500006,34.24504,40.56702,40.3935,30.0705,39.16056,32.74112,37.52217,41.137,41.09866,40.65223,40.87502,40.67361,41.13919,41.0219,41.59306,41.414,41.25679,40.17573,40.99504,40.55794,,40.41892,40.95767,,40.1659,40.18013,40.4155,40.60619,40.87465,40.22481,40.48229,39.96352,40.44429,39.69148,40.50912,40.38736,40.93906,40.63961,41.19681,40.9199,40.45477,40.17771,40.60787,40.06411,40.57573,40.18716,40.61069,40.37806,37.71056,39.86758,40.55445,40.24862,40.45431,40.34015,40.47679,39.85012,40.12329,39.16277,40.71079,39.45119,40.61491,40.36148,40.58504,40.16812,40.72304,40.15367,40.26236,39.31102,40.53948,40.51425,40.95946,39.77227,40.49827,39.97627,39.99931,40.13327,40.60192,39.68142,40.17702,37.25619,40.13485,40.23006,40.69494,39.68498,41.26741,40.43171,40.70117,37.58443,37.93216,40.4754,40.4851,40.59923,40.13275,39.73925,40.06348,39.69733,40.27856,39.92366,37.20921,40.882827187500006,6206.36352875
2022-10-07 10:00:00,753.5988,,55.46423,54.75917,54.8697528125,54.77402,54.52883,54.11296,54.60594,51.0379,55.05304,54.8697528125,55.21802,53.7725,54.40384,53.09927,49.45115,50.60281,44.22858,54.9584,53.77967,50.45267,51.67671,46.87898,54.14567,52.4379,54.25067,52.88344,49.55312,54.33521,48.94831,45.40481,54.27752,46.58702,53.475,46.60165,46.72569,45.58671,54.8697528125,49.23329,41.96273,52.07171,44.76948,50.64877,47.38366,53.80848,51.21875,45.97775,49.53402,45.88433,45.50644,47.84571,51.99775,50.95931,45.08323,53.10904,47.18362,47.09879,49.31762,46.87865,49.04058,52.77163,46.10815,53.13973,46.44531,53.88706,45.997,54.8697528125,46.52821,55.05594,54.78637,41.42996,53.12823,44.81086,53.89498,54.73761,54.76014,54.27787,54.54017,54.53946,54.94585,54.95438,55.50944,55.32219,55.26881,54.37952,54.79752,54.24475,,54.0994,54.61854,,53.64085,53.82244,54.04261,54.32083,54.41967,54.02052,54.09679,53.51115,53.97321,53.35975,53.95521,53.98669,54.5415,54.39635,55.22292,54.78033,54.1931,54.01546,54.30629,54.00383,54.30183,54.04117,54.39534,54.23831,50.43718,53.32167,54.25323,53.95379,54.00675,54.00121,54.25027,53.60735,54.01523,52.94535,54.60931,53.27875,54.54208,54.23221,54.51221,54.00108,54.16219,53.99196,53.91631,53.09621,54.44093,54.46546,55.13567,53.84813,54.55988,53.85544,53.78756,54.18323,54.54906,53.54031,53.91446,50.17294,54.06421,54.08133,48.60842,53.36669,55.3041,54.41483,54.51562,50.55606,50.82237,54.60542,54.58779,54.72479,54.18558,53.75867,53.92173,53.35542,54.26348,53.75046,50.35971,54.8697528125,8547.46345125
2022-10-07 11:00:00,901.6927,,61.18235,60.89981,61.0568078125,61.43765,60.96286,59.94727,60.92302,60.20119,60.97937,61.0568078125,60.79567,60.86073,59.94592,60.62442,60.29956,57.61544,44.41456,61.24656,60.94752,57.73596,60.91294,60.78304,60.83019,60.7465,61.0481,60.93254,60.22765,61.01573,60.35865,58.34444,61.46604,57.42538,60.69965,58.92848,53.66773,57.88871,61.0568078125,57.5279,48.32538,60.20148,51.8255,59.39879,57.93223,60.88452,60.83321,52.67677,60.344,58.2206,52.27779,59.53521,59.63017,58.606,51.99079,60.68578,60.22952,53.57706,53.15248,53.29063,59.4836,60.10163,52.40923,59.58994,47.40281,55.48619,52.50427,61.0568078125,53.28408,61.24031,61.10936,47.76002,60.40894,51.54565,60.85602,60.09677,61.05761,60.70929,60.7339,60.76225,60.8645,60.93281,61.33361,60.06048,60.94973,60.82233,60.87323,60.77329,,59.93344,60.76102,,60.36134,60.54602,60.61102,60.8745,59.15856,60.74591,60.89883,60.29487,60.63665,60.23896,60.62373,60.68904,61.07496,60.79955,61.10673,60.84256,60.72931,61.07056,60.73171,60.87179,60.79008,60.78154,60.81769,61.01773,57.07648,60.24829,60.50514,60.60298,59.29767,60.74287,60.75169,60.54681,60.75112,60.21033,61.15527,60.49958,60.95311,60.864,60.73021,60.83944,59.97,60.69073,60.38156,59.74086,60.95261,60.79221,61.04244,60.76069,60.8605,60.61086,60.66489,61.067,60.96294,60.43844,59.96235,57.05944,60.80821,60.76544,48.52281,59.76673,60.89346,60.88,60.69717,57.20219,57.50823,60.02388,60.86586,60.72154,60.85852,60.56075,60.53287,60.28269,61.04429,60.59637,57.31879,61.0568078125,9673.41093125
2022-10-07 12:00:00,996.8902,,61.32935,61.1236,61.49883468750001,61.89633,61.29604,60.15002,61.21814,49.90552,61.12511,61.49883468750001,60.89973,61.49739,60.08933,61.34477,61.12717,59.3495,46.3571,61.46054,61.38993,59.68335,61.28014,61.33515,61.16225,61.35738,61.39146,61.47623,61.45244,61.28704,61.27827,61.28215,61.98716,61.06258,61.2856,61.49052,55.94691,61.28112,61.49883468750001,60.96634,50.41296,61.36185,54.49221,61.35196,60.0854,61.35575,61.61739,55.01898,61.86433,60.14238,54.84892,60.0864,61.49289,60.94056,54.57489,61.42283,61.45515,55.65836,46.19275,55.42329,61.41848,61.23833,54.04944,60.08217,45.60494,33.22263,54.90561,61.49883468750001,55.71256,61.45737,61.33289,50.17652,61.51331,54.16967,61.25823,60.16388,61.38163,61.18429,61.0214,61.015,61.03139,61.09573,61.49988,60.07566,61.054,61.17337,61.12085,61.18744,,60.08848,61.03642,,60.97998,61.04667,61.07427,61.27342,59.1781,61.21685,61.60115,60.84465,61.19533,60.85802,61.20895,61.19033,61.55083,61.11377,61.24281,61.07744,61.18752,61.6525,61.13194,61.37708,61.2231,61.22913,61.21229,61.45964,58.63198,60.95686,60.82687,61.06019,59.37062,61.29021,61.16517,61.23538,61.29323,61.07781,52.58875,61.22206,61.35427,61.2131,61.02021,61.32292,60.16713,61.08588,60.78484,60.13036,61.25406,61.07971,61.18288,61.3614,61.12994,61.19767,61.40506,59.98396,61.32473,61.1659,60.14802,59.50742,61.38227,61.24258,50.19879,60.0886,61.02071,61.26862,60.95379,58.79494,59.12533,60.08437,61.10656,60.90081,61.30888,61.07309,60.97525,61.12746,61.57827,61.25454,59.73507,61.49883468750001,9753.51610875
2022-10-07 13:00:00,1002.059,,61.3419,61.1369,61.59658124999999,61.83715,61.32048,60.11158,61.25666,30.48692,61.11754,61.59658124999999,60.90227,61.53248,60.10115,61.37935,61.13827,58.53688,46.00475,61.45144,61.44425,59.01591,61.31494,61.36831,61.14829,61.39398,61.38438,61.51069,61.50679,61.26958,61.32623,61.29638,61.93548,60.78777,61.26712,61.48173,55.59625,61.26081,61.59658124999999,60.58233,49.87885,61.38894,54.03865,61.318,60.05421,61.36125,61.65131,54.48841,61.80706,60.09746,54.50531,60.08218,61.38158,60.62769,54.18377,61.4095,61.43156,55.09371,45.82152,54.84746,61.38204,61.18962,53.48517,60.02089,45.20019,46.92525,54.5245,61.59658124999999,55.34352,61.43306,61.30794,50.04931,61.47216,53.84359,61.21212,60.05356,60.89483,61.08809,60.88237,60.97865,60.42775,61.062,61.41785,60.06479,60.98788,61.13615,60.52137,61.1576,,60.03042,60.94579,,60.28515,60.97742,60.52338,60.69635,58.79435,61.16019,61.46809,60.75277,60.60742,65.64043,60.4145,61.10861,61.46417,60.37323,60.81871,61.06273,61.17369,61.18352,60.57112,61.29533,61.20039,60.61786,61.18964,60.72048,57.63629,60.81956,60.78433,60.35712,58.99797,61.32623,61.06073,60.70169,60.86542,61.00317,44.81435,61.172,61.2966,61.1476,60.97583,61.27792,60.06358,60.53085,60.6809,60.03369,61.20779,60.98486,61.1051,61.31786,60.51641,61.15227,61.26789,56.58002,61.25146,61.11879,59.96064,58.61769,61.2841,61.25679,49.37758,60.03671,60.97538,61.21681,60.862,57.75579,58.00925,59.98944,61.06023,60.86242,61.22854,61.04777,60.89812,61.07875,61.52273,61.21059,58.90046,61.59658124999999,9710.739744999999
2022-10-07 14:00:00,921.6528,,60.49283,59.87965,60.232579062499994,59.95627,59.9493,59.09527,59.98806,45.07833,59.99927,60.232579062499994,60.09983,60.34142,59.25262,60.09967,59.75753,55.90798,43.89425,60.53204,60.81386,56.44613,60.79739,60.85838,60.02854,60.6995,60.37927,60.88102,60.49715,60.3251,60.25835,58.43567,60.06373,57.48117,59.78181,58.8499,52.58929,58.05794,60.232579062499994,56.59858,47.14954,59.46939,50.92083,58.37927,56.96146,59.9179,59.78231,51.50063,59.07548,57.99667,51.13329,59.0439,58.02615,57.18469,50.49606,59.59608,58.96565,51.89283,43.48754,51.68319,58.94281,58.62865,50.85711,58.12277,42.79179,39.35077,51.33208,60.232579062499994,52.34825,60.51496,60.37106,47.56935,59.09845,50.87165,60.10292,59.12215,59.49548,59.04263,59.1214,59.48911,59.53231,59.8935,60.1511,59.57988,59.95973,59.52929,59.61789,59.33804,,58.87525,59.31354,,58.4785,58.83394,58.93656,59.34277,58.48087,59.18794,58.79559,58.60169,58.71208,58.4282,58.56304,58.97217,59.05989,59.3661,60.08611,59.56448,59.14037,59.33369,59.07171,59.26642,59.18852,59.26271,59.26525,59.42304,54.85873,58.27629,59.0255,59.0315,58.44712,58.95046,59.16375,58.65229,59.19354,58.26548,42.6706,58.88396,59.48458,59.34627,59.40515,59.24017,58.67458,59.19154,58.81033,58.08935,59.57944,59.48202,59.9405,59.33192,59.67204,59.04287,58.98375,54.49452,59.55871,58.79771,58.62752,55.24785,59.24594,59.09621,36.92067,58.0816,59.76017,59.35554,59.18639,55.15343,55.33981,59.12342,59.6104,59.56877,59.40129,59.12867,58.98698,58.61429,59.52625,58.95544,55.5022,60.232579062499994,9403.06334625
2022-10-07 15:00:00,772.5137,,52.04775,51.15019,52.10425437500002,51.23398,51.25802,50.89723,51.41144,51.24617,51.50967,52.10425437500002,51.87792,52.34689,51.2039,52.02494,51.74437,47.7369,37.90752,52.25754,53.43081,48.4909,53.57891,53.63927,51.92189,53.4754,52.4086,53.71419,52.67138,52.2995,52.57356,50.31942,51.97679,49.27502,51.47281,50.4784,45.21781,49.46131,52.10425437500002,48.44656,40.40177,50.97491,43.45984,49.8461,48.27973,51.4644,50.98006,44.10227,50.37452,49.40564,43.75711,50.75723,49.38786,48.43696,42.74989,50.78691,50.23188,44.13763,37.33704,43.88167,50.5014,50.0505,43.46602,49.79058,36.63735,42.55069,43.952,52.10425437500002,45.04058,52.31242,52.14362,41.17275,50.63963,43.88775,51.83344,50.88304,50.54035,50.4611,50.6019,50.77177,50.98238,51.26546,51.67381,51.5775,51.4724,50.79648,51.08473,50.52571,,50.45996,50.72673,,49.72688,49.97757,50.25204,50.51875,50.34073,50.40488,50.17044,49.79771,50.03181,49.50979,49.98902,50.19548,50.51286,50.62227,51.44204,50.82777,50.34404,50.61604,50.27327,50.47369,50.42693,50.53096,50.46194,50.61871,46.72946,49.52306,50.23652,50.18938,50.1185,50.10229,50.30111,49.85,50.2985,49.38704,36.28781,49.89221,50.71027,50.55267,50.64275,50.49154,50.20225,50.48811,49.99731,49.45996,50.87283,50.66754,51.24773,50.2355,50.87077,50.10504,50.14,50.60931,50.67494,49.90812,50.0327,46.81831,50.32821,50.14023,39.87267,49.56385,51.26167,50.56311,50.52304,46.88677,47.14929,50.68654,50.8229,50.80848,50.49658,50.07852,50.15521,49.6691,50.60244,49.92827,46.91327,52.10425437500002,8081.8387475
2022-10-07 16:00:00,553.6776,,37.27933,36.59204,37.7106640625,36.9301,36.81933,36.65231,36.98275,37.10408,36.99435,37.7106640625,37.32202,38.19104,37.01139,37.83408,37.77736,34.35994,27.66681,37.68746,39.16827,35.07606,39.36887,39.49467,37.56456,39.4836,38.02677,39.62262,38.64006,37.80013,38.53006,36.68371,37.55108,35.55613,37.30283,36.41192,32.75338,35.31469,37.7106640625,34.33823,29.04642,36.71579,31.31017,35.71236,34.45987,36.80133,36.48117,31.79075,36.02292,34.93269,31.43325,36.21321,35.16644,34.16842,30.45959,36.08567,35.82146,31.40021,26.78817,31.18909,36.28483,35.82835,31.00777,35.70146,26.2144,32.06438,31.56892,37.7106640625,32.49523,37.52883,37.4889,30.04469,36.54629,31.84859,37.52529,36.35017,35.7965,35.97271,35.9644,36.14977,36.16296,36.48206,36.78144,36.65371,36.52615,36.17286,36.34369,35.92021,,35.95987,36.03069,,35.44715,35.63379,35.85056,36.08585,35.85073,36.00586,35.77736,35.48536,35.61094,35.19958,35.64054,35.83258,36.02294,36.05561,36.65187,36.36796,36.00537,36.24121,35.92958,36.03611,36.03846,36.1889,36.02243,36.19052,33.41667,35.40202,35.84689,35.85527,35.80191,35.77213,35.97546,35.69862,35.95181,35.34412,26.07104,35.69062,36.32713,36.19131,36.22546,36.2476,36.10056,36.20927,35.74475,35.36598,36.43283,36.2745,36.67981,35.8379,36.39394,35.87236,35.94355,36.33485,36.23738,35.67056,35.74998,33.5175,35.99741,35.82856,28.6246,35.57141,36.72915,36.29029,36.18338,33.57138,33.78298,36.18148,36.27883,36.35487,36.04604,35.67786,35.86435,35.59785,36.2476,35.66635,33.46098,37.7106640625,5798.45919625
2022-10-07 17:00:00,277.3513,,17.45019,17.07948,18.12457375,17.30927,17.31794,17.32746,17.43767,17.76236,17.38177,18.12457375,17.53058,18.6695,17.58533,18.38358,18.45973,16.1836,13.53971,17.87209,19.31091,16.77714,19.50852,19.65754,17.93227,19.78771,18.31562,19.93831,19.17615,18.07258,19.02602,17.91846,17.92744,17.19583,17.89238,17.42596,15.6945,16.53248,18.12457375,16.05115,13.62131,17.45379,14.77833,16.89196,16.18837,17.28404,17.22052,15.14723,16.76131,15.91569,14.74477,16.84454,16.36935,15.59564,13.90379,16.81921,16.47087,14.5136,12.70575,14.38629,17.09777,16.7085,14.37198,16.70217,14.15792,17.09921,14.87777,18.12457375,15.5569,17.54788,17.57825,14.63592,17.24841,15.38146,17.74506,16.84896,16.36977,16.63238,16.55,16.62594,16.60164,16.84783,17.09056,16.95733,16.7895,16.71515,16.80404,16.54096,,16.57611,16.52898,,16.28017,16.4154,16.54656,16.75412,16.44077,16.67952,16.51171,16.33429,16.38138,16.16648,16.44713,16.58671,16.68958,16.63923,16.95269,16.82969,16.63306,16.90192,16.55116,16.66581,16.66317,16.82108,16.57608,16.78042,15.43373,16.38937,16.4374,16.53406,16.53059,16.51842,16.648,16.5404,16.58556,16.19871,15.1439,16.43961,16.84008,16.78146,16.70158,16.92317,16.80073,16.84813,16.45588,16.3126,16.98181,16.79602,16.98046,16.64308,16.87898,16.64402,16.71217,16.97508,16.78694,16.50283,16.55671,15.58098,16.65604,16.57213,13.39446,16.42869,17.10758,17.03871,16.85662,15.67019,15.73752,16.76827,16.77504,16.91179,16.638,16.43846,16.54661,16.55565,16.90575,16.51904,15.50156,18.12457375,2723.106935
2022-10-07 18:00:00,21.95712,,1.380146,1.325729,0.0,1.383063,1.410333,1.488979,1.421938,1.494292,1.402729,0.0,1.313792,1.701146,1.511146,1.596854,1.584354,1.234667,1.233188,1.471562,1.718458,1.370792,1.766208,1.741729,1.386167,1.850521,1.478417,1.953923,1.774708,1.356958,1.632062,1.490167,1.360042,1.439583,1.372084,1.564542,1.209646,1.425812,0.0,1.316333,0.9833542,1.389417,1.123229,1.400604,1.428208,1.264479,1.414,1.240542,1.279,1.327917,1.109375,1.506208,1.266146,1.186958,1.238292,1.378792,1.251354,1.077333,1.101187,1.140833,1.390354,1.35,1.043562,1.488375,1.257708,1.431333,1.139542,0.0,1.37001,1.401792,1.403542,1.254458,1.440042,1.247146,1.446979,1.245562,1.248292,1.031729,0.9844792,1.117813,1.001812,1.189854,1.253375,1.357083,1.048813,1.178208,1.132812,1.179958,,1.215917,1.043521,,0.8782501,1.046167,0.9206876,1.234583,0.8631875,1.118437,1.014729,1.040812,0.9603541,1.073729,0.953125,1.195562,0.9967291,1.123479,1.209563,0.7851874,0.7992083,1.110896,0.7568125,1.017646,0.8786042,1.061979,0.8360417,1.077208,0.8732916,1.049417,0.7756042,1.041938,0.8857708,1.086042,0.8232499,1.105313,0.7072083,1.030208,0.897,1.025146,0.7414376,1.007625,0.6628333,1.089583,0.9175417,0.9880417,0.681125,1.055583,1.132188,0.9463542,0.9513333,1.188063,0.9020416,1.182521,0.9023542,1.324271,0.9193541,1.12075,0.8591458,1.084125,0.8316666,1.143833,0.9502083,1.195271,1.107833,1.339313,1.122021,1.197333,1.096771,1.279021,1.056625,1.254417,1.002646,1.136833,0.9866042,1.233521,1.178542,1.197417,1.186708,,189.5693913
2022-10-07 19:00:00,0.0,,,,,,,,,,0.0,0.0,,,,,,0.0,0.0,,0.0,,,,,,,0.0,,,,,0.0,,,0.0,0.0,,,,,,,,,,,,,,,0.1201758,,,0.09346084,,,,,,,,0.0,0.02545455,,,,,,,,,,,,,,,,0.0,,,,,,,,,,,,,,,,,0.0,,,,,,,,,0.0,,,,0.0,,,,,,,,,,,,,,,,,,,,,,,,,0.0,,,,,,,,,,,,,,,,,,,,,,,,0.0,,,,,,0.0,0.0,,,0.23909119
2022-10-07 20:00:00,0.0,,,,,,,,,,,,,,,,,,,,,,,,,,,,,,,,,,,,,,,,,,,,,,,,,,,,,,,,,,,,,,,,,,,,,,,,,,,,,,,,,,,,,,,,,,,,,,,,,,,,,,,,,,,,,,,,,,,,,,,,,,,,,,,,,,,,,,,,,,,,,,,,,,,,,,,,,,,,,,,,,,,,,,,,0.0
2022-10-07 21:00:00,0.0,,,,,,,,,,,,,,,,,,,,,,,,,,,,,,,,,,,,,,,,,,,,,,,,,,,,,,,,,,,,,,,,,,,,,,,,,,,,,,,,,,,,,,,,,,,,,,,,,,,,,,,,,,,,,,,,,,,,,,,,,,,,,,,,,,,,,,,,,,,,,,,,,,,,,,,,,,,,,,,,,,,,,,,,0.0
2022-10-07 22:00:00,0.0,,,,,,,,,,,,,,,,,,,,,,,,,,,,,,,,,,,,,,,,,,,,,,,,,,,,,,,,,,,,,,,,,,,,,,,,,,,,,,,,,,,,,,,,,,,,,,,,,,,,,,,,,,,,,,,,,,,,,,,,,,,,,,,,,,,,,,,,,,,,,,,,,,,,,,,,,,,,,,,,,,,,,,,,0.0
2022-10-07 23:00:00,0.03985073,,,,,,,,,,,,,,,,,,,,,,,,,,,,,,,,,,,,,,,,,,,,,,,,,,,,,,,,,,,,,,,,,,,,,,,,,,,,,,,,,,,,,,,,,,,,,,,,,,,,,,,,,,,,,,,,,,,,,,,,,,,,,,,,,,,,,,,,,,,,,,,,,,,,,,,,,,,,,,,,,,,,,,,,0.0
2022-10-08 00:00:00,0.0,,,,,,,,,,,,,,,,,,,,,,,,,,,,,,,,,,,,,,,,,,,,,,,,,,,,,,,,,,,,,,,,,,,,,,,,,,,,,,,,,,,,,,,,,,,,,,,,,,,,,,,,,,,,,,,,,,,,,,,,,,,,,,,,,,,,,,,,,,,,,,,,,,,,,,,,,,,,,,,,,,,,,,,,0.0
2022-10-08 01:00:00,0.0,,,,,,,,,,,,,,,,,,,,,,,,,,,,,,,,,,,,,,,,,,,,,,,,,,,,,,,,,,,,,,,,,,,,,,,,,,,,,,,,,,,,,,,,,,,,,,,,,,,,,,,,,,,,,,,,,,,,,,,,,,,,,,,,,,,,,,,,,,,,,,,,,,,,,,,,,,,,,,,,,,,,,,,,0.0
2022-10-08 02:00:00,0.0,,,,,,,,,,,,,,,,,,,,,,,,,,,,,,,,,,,,,,,,,,,,,,,,,,,,,,,,,,,,,,,,,,,,,,,,,,,,,,,,,,,,,,,,,,,,,,,,,,,,,,,,,,,,,,,,,,,,,,,,,,,,,,,,,,,,,,,,,,,,,,,,,,,,,,,,,,,,,,,,,,,,,,,,0.0
2022-10-08 03:00:00,0.0,,,,,,,,,,,,,,,,,,,,,,,,,,,,,,,,,,,,,,,,,,,,,,,,,,,,,,,,,,,,,,,,,,,,,,,,,,,,,,,,,,,,,,,,,,,,,,,,,,,,,,,,,,,,,,,,,,,,,,,,,,,,,,,,,,,,,,,,,,,,,,,,,,,,,,,,,,,,,,,,,,,,,,,,0.0
2022-10-08 04:00:00,0.0,,,,,,,,,,,,,,,,,,,,,,,,,,,,,,,,,,,,,,,,,,,,,,,,,,,,,,,,,,,,,,,,,,,,,,,,,,,,,,,,,,,,,,,,,,,,,,,,,,,,,,,,,,,,,,,,,,,,,,,,,,,,,,,,,,,,,,,,,,,,,,,,,,,,,,,,,,,,,,,,,,,,,,,,0.0
2022-10-08 05:00:00,0.0,,,,,,,,,,,,,,,,,,,,,,,,,,,,,,,,,,,,,,,,,,,,,,,,,,,,,,,,,,,,,,,,,,,,,,,,,,,,,,,,,,,,,,,,,,,,,,,,,,,,,,,,,,,,,,,,,,,,,,,,,,,,,,,,,,,,,,,,,,,,,,,,,,,,,,,,,,,,,,,,,,,,,,,,0.0
2022-10-08 06:00:00,0.0,,0.0,0.0,0.0,0.0,0.0,0.0,0.0,0.0,0.0,0.0,0.0,0.0,0.0,0.0,0.0,0.0,0.0,0.0,0.0,0.0,0.0,0.0,0.0,0.0,0.0,0.0,0.0,0.0,0.0,0.0,0.0,0.0,0.0,0.0,0.0,0.0,0.0,0.0,0.0,0.0,0.0,0.0,0.0,0.0,0.0,0.0,0.0,0.0,0.0,0.0,0.0,0.0,0.0,0.0,0.0,0.0,0.0,0.0,0.0,0.0,0.0,0.0,0.0,0.0,0.0,0.0,0.0,0.0,0.0,0.0,0.0,0.0,0.0,0.0,0.0,0.0,0.0,0.0,0.0,0.0,0.0,0.0,0.0,0.0,0.0,0.0,,0.0,0.0,,0.0,0.0,0.0,0.0,0.0,0.0,0.0,0.0,0.0,0.0,0.0,0.0,0.0,0.0,0.0,0.0,0.0,0.0,0.0,0.0,0.0,0.0,0.0,0.0,0.0,0.0,0.0,0.0,0.0,0.0,0.0,0.0,0.0,0.0,0.0,0.0,0.0,0.0,0.0,0.0,0.0,0.0,0.0,0.0,0.0,0.0,0.0,0.0,0.0,0.0,0.0,0.0,0.0,0.0,0.0,0.0,0.0,0.0,0.0,0.0,0.0,0.0,0.0,0.0,0.0,0.0,0.0,0.0,0.0,0.0,0.0,0.0,0.0,0.0,0.0,,0.0
2022-10-08 07:00:00,23.01833,,1.036146,1.418396,0.0,1.48475,1.721667,1.900271,1.384979,1.003917,1.896896,0.0,1.642167,1.070292,2.057146,0.8421043,0.879854,1.679125,0.8003333,1.644291,0.5794375,0.9175417,0.873875,0.7509792,1.344937,0.8229793,0.9745626,0.9002293,0.8141667,0.9180833,0.7263333,0.7164375,0.9308334,0.6983751,0.9635,0.754875,0.7468749,0.8782084,0.0,0.7696458,0.9854791,0.9127292,1.151896,1.076792,1.165792,1.620333,0.6794166,1.471417,0.6899583,1.222562,0.8520209,1.148438,0.9641667,1.084292,2.17725,1.640833,1.125042,2.193438,0.8963127,1.07725,1.190458,1.554271,1.962562,1.916896,2.081417,1.414042,2.076667,0.0,2.207187,1.549354,1.736583,1.606917,1.361583,1.814562,1.07125,3.298708,3.150333,2.732604,2.838875,2.793708,2.945084,2.820167,3.270854,2.975021,2.884084,2.627896,2.976083,2.846083,,2.850312,3.131375,,2.778292,2.572,2.747958,2.518625,2.950541,1.860375,2.636396,2.475125,2.776979,2.473417,2.908063,2.433021,3.052833,2.600042,2.918583,2.517812,2.505417,1.849667,2.582125,1.547521,2.708146,1.777979,2.538146,2.039479,2.411875,2.582354,2.660958,2.427604,2.817167,2.605083,2.456937,2.064354,2.067354,2.040104,2.439521,2.08725,2.264375,2.322354,2.072292,2.04125,2.821208,1.878771,2.560917,1.97775,1.92825,2.184125,2.185917,1.797542,2.108854,2.010396,2.075146,2.046313,2.157542,1.806021,2.407688,1.884062,2.03875,2.160896,2.485625,2.118104,2.089209,1.894312,2.293187,1.832209,2.230666,2.096083,2.097146,2.026542,1.939896,1.814521,2.155354,1.8915,2.085667,2.0475,1.718188,,300.3397951
2022-10-08 08:00:00,244.9182,,17.39519,19.25675,20.705465624999995,19.81659,19.89604,19.85592,19.55681,18.5561,20.39771,20.705465624999995,20.19281,15.76658,20.05611,13.14706,11.89758,18.3295,12.75159,19.78361,11.28838,17.23273,11.82889,9.438293,18.9779,8.00973,17.52281,8.034124,8.311478,18.2101,7.5055,7.936813,18.13198,9.460168,17.00383,8.986669,14.90513,10.74063,20.705465624999995,12.76092,14.23502,13.828,14.76654,12.41017,10.43996,18.77652,8.459291,15.84202,7.635666,9.437875,14.94071,9.766917,12.60338,15.69519,15.93069,15.78988,12.25783,17.53206,12.66127,16.56206,13.41346,14.94612,17.09627,18.43396,15.42035,18.33335,16.72411,20.705465624999995,16.7655,19.52054,19.47715,14.21579,18.75352,15.70171,17.49225,20.85913,20.94238,20.50548,20.65365,20.50381,20.91283,20.68248,21.18577,21.16052,20.79365,20.48489,20.69552,20.47765,,20.27888,20.77096,,20.37985,20.32077,20.41121,20.68367,20.85035,20.06917,20.43971,20.17179,20.48954,19.88812,20.593,20.3694,20.85637,20.47883,20.84764,20.68423,20.44808,20.10452,20.62546,19.76838,20.61352,20.01923,20.53735,20.18977,18.99015,20.27292,20.56577,20.29066,20.59392,20.37752,20.44598,19.85012,19.94134,19.30517,20.46988,19.45692,20.33064,20.31304,20.0741,19.91038,20.88506,20.09759,20.38894,19.59021,20.34958,20.43733,20.5799,19.70139,20.30382,19.99431,20.01316,20.05044,20.354,19.65165,20.30842,18.62656,19.94114,20.15887,20.49331,19.77382,20.8856,20.35506,20.68266,18.92135,19.39171,20.44787,20.37361,20.41319,20.08854,19.82798,20.23256,19.891,20.23525,20.16637,18.52144,20.705465624999995,2935.6987765000003
2022-10-08 09:00:00,514.5114,,39.67644,39.2396,39.808347187500004,39.20402,39.04958,38.84679,38.97706,38.20723,39.62779,39.808347187500004,39.61465,35.74304,39.12025,32.75327,32.05108,36.20906,32.07954,39.22571,35.09279,35.64831,31.75891,29.20427,38.46402,28.48541,38.41116,30.92767,29.07396,38.61319,27.85488,27.46256,38.59523,27.67413,37.91673,28.21894,33.0034,28.28567,39.808347187500004,31.80933,29.74204,35.39098,31.33117,31.17125,28.66483,38.1799,27.92656,32.80252,29.97519,28.82483,32.35923,27.89373,35.72441,35.59425,32.13914,33.26239,30.84789,34.07864,31.16656,33.63868,32.39944,37.58483,33.38425,38.51421,33.52443,38.8211,33.17267,39.808347187500004,33.37967,39.53152,39.31729,29.31881,38.16106,31.94073,36.95619,40.00679,39.99908,39.58018,39.77654,39.61258,40.12019,39.96573,40.45956,40.35802,40.15254,39.11463,39.90202,39.48838,,39.36648,39.82202,,39.12931,39.17162,39.33958,39.56344,39.80435,39.19712,39.45494,38.93861,39.32721,38.65919,39.41135,39.33998,39.86016,39.51794,40.10569,39.82113,39.39923,39.14759,39.56775,38.98854,39.4836,39.1485,39.52679,39.31748,36.705,38.82827,39.541,39.22858,39.4166,39.30477,39.42179,38.81892,39.06252,38.10337,39.67552,38.38592,39.5895,39.3221,39.54589,39.09875,39.68275,39.09942,39.18264,38.28104,39.46346,39.46769,39.91079,38.79065,39.45619,38.959,38.96843,39.12621,39.54675,38.65582,39.165,36.28965,39.11507,39.19448,39.42631,38.61956,40.1954,39.42825,39.68519,36.62962,37.01748,39.46162,39.41634,39.56615,39.1279,38.72477,39.04258,38.705,39.22475,38.88689,36.24102,39.808347187500004,6040.8276587499995
2022-10-08 10:00:00,740.2125,,54.2681,53.60786,53.795704062499986,53.65284,53.45904,53.01086,53.47106,51.36831,53.9959,53.795704062499986,54.08202,52.56096,53.29419,51.81807,48.54362,49.60417,43.43969,53.90096,52.55052,49.37419,50.50873,45.88517,53.02494,50.81292,53.14575,51.45375,48.32665,53.30258,47.66892,44.21248,53.18177,45.30867,52.37083,45.55158,45.76494,44.53352,53.795704062499986,48.02512,41.14177,50.79568,43.83804,49.44769,46.24525,52.76473,49.48783,45.07815,48.52354,44.93919,44.6071,46.51935,50.87506,49.76619,44.21342,51.89106,46.34729,46.20369,46.06175,45.937,47.34121,51.59658,45.25763,52.03321,45.53171,52.76765,45.17442,53.795704062499986,45.67023,53.94659,53.65683,40.64544,52.07615,43.96567,52.89425,53.74277,53.71764,53.22604,53.46375,53.46717,53.94862,53.91162,54.39663,54.32573,54.22604,53.3214,53.78194,53.22004,,53.07713,53.58992,,52.61373,52.83107,52.96666,53.28402,53.39404,52.98027,53.06448,52.49358,52.84882,52.29713,52.87775,52.95115,53.48964,53.33689,54.09557,53.64517,53.09792,53.05236,53.25179,52.96627,53.18023,53.03867,53.29152,53.18394,49.41596,52.29054,53.23171,52.97258,52.96144,52.9827,53.12006,52.62467,52.89083,51.93648,53.49804,52.26525,53.43311,53.28167,53.40967,53.0016,53.06486,52.99612,52.80159,52.10333,53.44442,53.37579,54.03504,52.90186,53.47679,52.87115,52.72865,51.94798,53.44427,52.5935,52.83062,49.27648,52.97483,53.08579,42.45469,52.38789,54.28185,53.4341,53.52002,49.6471,49.90485,53.60819,53.48573,53.71346,53.16229,52.75679,52.88123,52.37315,53.16369,52.75167,49.42342,53.795704062499986,8367.37345625
2022-10-08 11:00:00,901.3077,,61.08779,60.80793,60.9770278125,61.20863,60.87988,59.91492,60.78023,60.54481,60.86536,60.9770278125,60.74467,60.7115,59.96529,60.47538,60.10146,57.38292,44.30525,61.17315,60.75937,57.54152,60.7651,60.59567,60.65567,60.51781,60.92933,60.61104,59.98888,60.91365,60.06609,58.13638,61.28477,57.18288,60.49229,58.6296,53.48383,57.60919,60.9770278125,57.30539,48.24,59.92117,51.68819,59.13816,57.65927,60.76629,60.48439,52.59552,60.14579,58.20487,52.17857,59.20116,59.53196,58.40267,51.99448,60.52883,60.14575,53.52098,41.99685,53.21248,59.31619,59.97264,52.41954,59.51444,49.78606,59.13165,52.5661,60.9770278125,53.2844,61.1549,60.93744,47.76896,60.29942,51.59356,60.74975,60.11931,61.07942,60.80058,60.74265,60.77211,60.94323,60.93579,61.31544,60.13688,60.95273,60.82254,60.9115,60.82573,,59.94298,60.75827,,60.4226,60.54946,60.63798,60.84048,59.18164,60.70919,61.00446,60.3045,60.6275,60.26275,60.64367,60.70748,61.13733,60.78806,61.06387,60.7799,60.7189,60.99216,60.75715,60.72702,60.75602,60.69712,60.82117,60.92167,57.08127,60.21844,60.58119,60.595,59.30233,60.7435,60.66914,60.44619,60.70277,60.10031,54.91604,60.38969,60.94413,60.77623,60.69462,60.72046,59.92279,60.58475,60.32035,59.65775,60.83158,60.69538,60.95235,60.64894,60.78179,60.47771,60.64525,60.90088,60.87886,60.35008,59.86844,56.95671,60.77556,60.63027,48.49402,59.6564,60.82956,60.71896,60.62254,56.96752,57.50375,59.96506,60.76414,60.59267,60.78608,60.39775,60.46433,60.17046,60.92511,60.42254,57.13767,60.9770278125,9648.66872125
2022-10-08 12:00:00,976.7125,,61.29784,61.14698,61.51096437500001,61.89727,61.36483,60.21408,61.21108,57.57109,61.11013,61.51096437500001,60.90884,61.52577,60.15106,61.37483,61.12452,58.58011,45.75106,61.48402,61.36858,58.99827,61.32223,61.35675,61.12331,61.3606,61.38946,61.39138,61.44062,61.32952,61.29319,61.15179,61.98163,60.21575,61.26152,61.44529,55.25623,61.14119,61.51096437500001,60.21627,49.86766,61.3955,53.81773,61.37613,60.03636,61.38364,61.58421,54.35744,61.91804,60.02458,54.3025,60.09094,61.59465,60.41244,54.0689,61.48377,61.49052,55.08479,45.86731,54.85306,61.43827,61.21167,53.71537,60.09025,45.27158,52.44286,54.49304,61.51096437500001,55.32619,61.45156,61.26296,49.92504,61.50811,53.84058,61.26106,60.16666,61.35502,61.21133,61.00787,61.01817,61.1045,61.09853,61.46763,60.13481,61.05806,61.15316,61.14391,61.20475,,60.09046,61.0136,,61.00646,61.10327,61.07911,61.29631,59.19564,61.22356,61.64856,60.86962,61.15602,60.85696,61.18558,61.20284,61.56469,61.11202,61.20792,61.0429,61.20565,61.6766,61.15131,61.35336,61.18507,61.23554,61.2154,61.46458,58.11285,60.98385,60.88754,61.11781,59.39056,61.32804,61.18039,61.26579,61.31427,61.10362,45.01071,61.2455,61.41427,61.26777,61.05002,61.35617,60.16721,61.11414,60.75448,60.14223,61.24168,61.09027,61.16933,61.3994,61.13371,61.21656,61.44511,52.12929,61.32648,61.21309,60.14617,58.56398,61.41267,61.26702,47.2876,60.15065,60.98871,61.27927,60.97694,57.99437,58.38379,60.11127,61.12096,60.89577,61.34285,61.10133,61.01173,61.16625,61.56927,61.2376,58.75346,61.51096437500001,9747.8508875
2022-10-08 13:00:00,972.8834,,61.33333,61.15454,61.6594140625,61.89694,61.40827,60.2166,61.26008,61.3615,61.13015,61.6594140625,60.92756,61.58691,60.14925,61.42492,61.15892,58.1769,45.51752,61.51035,61.43673,58.57467,61.35369,61.40948,61.1651,61.40366,61.43967,61.42617,61.50144,61.37054,61.34194,60.88606,62.00825,59.95938,61.31404,61.09665,54.86235,60.84621,61.6594140625,59.6299,49.30206,61.45361,53.35875,61.06633,59.82538,61.44043,61.64077,53.78977,61.74744,60.01983,53.73035,60.08944,61.09034,59.87189,53.42369,61.52291,61.54246,54.409,45.31698,54.07462,61.43382,61.15377,53.03569,60.0879,44.66879,37.78767,53.78075,61.6594140625,54.6364,61.50677,61.3179,49.46727,61.55635,53.16071,61.30371,60.16792,61.12427,61.25352,61.02439,61.0575,61.12165,60.57392,60.87369,60.13477,61.09627,61.19346,60.62177,61.24108,,60.09013,61.034,,61.00885,61.13346,61.12073,61.32529,59.20765,60.76021,61.01421,60.88996,61.16508,60.57911,61.18904,60.64666,61.54233,61.15512,60.72644,60.40942,61.24244,61.707,61.18694,60.81361,61.21694,60.71625,60.66467,61.53456,56.91004,60.39558,60.36998,60.43967,59.42373,60.68902,61.20786,61.19442,61.36306,61.0246,44.59319,61.25177,60.94937,61.28425,61.09765,61.39929,60.17012,60.58423,60.25698,60.14717,61.28212,61.12173,61.20884,61.44652,61.16846,61.25842,60.95681,58.54129,61.39164,66.02525,60.15096,57.32291,60.89304,60.78765,28.64571,60.14679,61.01404,61.30258,60.98452,57.4589,57.9054,60.13054,61.15821,60.91706,61.39348,61.12377,61.04462,61.11589,61.63023,61.26036,58.24375,61.6594140625,9702.838656249998
2022-10-08 14:00:00,901.6298,,60.01923,59.34904,59.973024062499995,59.45135,59.57602,58.81944,59.64527,59.40712,59.70266,59.973024062499995,59.86031,60.14592,58.98827,59.90787,59.51466,55.47581,43.6281,60.27402,60.65581,56.04627,60.68377,60.70035,59.8335,60.54234,60.17885,60.61129,60.22946,60.17787,60.0196,57.94356,59.87064,56.916,59.45285,58.27158,52.24904,57.31633,59.973024062499995,55.87683,46.91744,58.98016,50.46771,57.73781,56.16869,59.71452,58.99283,51.13742,58.36777,57.34491,51.01562,58.63608,57.45636,56.54704,50.0594,59.10277,58.33875,51.58619,43.2111,51.22402,58.59373,58.21906,50.70675,57.81537,42.6114,37.5905,51.15144,59.973024062499995,52.18704,60.38113,60.1645,47.45927,58.79955,50.71109,59.97254,58.75748,58.9204,58.91173,58.99108,59.14437,59.41425,59.51971,59.89944,59.22848,59.65842,59.10154,59.40186,58.90886,,58.45206,59.12602,,58.26346,58.42123,58.73592,58.91087,58.12442,58.78475,58.68533,58.14694,58.48235,57.93985,58.4012,58.57494,58.95258,58.99477,59.64835,59.21536,58.82629,58.84708,58.83902,58.76756,58.90502,58.87069,59.0186,58.96233,54.68625,57.78442,58.82496,58.64306,58.094,58.48663,58.6424,58.01413,58.63094,57.59206,42.21729,58.30492,59.05398,58.93004,59.01269,58.79242,58.33175,58.74387,58.39854,57.63404,59.21209,59.04454,59.56502,58.71169,59.26323,58.38975,58.47898,58.85756,59.06825,58.17871,58.20338,54.58552,58.70137,58.48644,29.5549,57.47133,59.5595,58.84381,58.83487,54.55635,55.01706,58.78262,59.22588,59.06877,58.94471,58.46536,58.51271,57.92215,58.94602,58.20854,54.78127,59.973024062499995,9351.61846625
2022-10-08 15:00:00,747.9247,,50.49033,49.57604,50.5943675,49.80923,49.83877,49.4505,49.94312,49.81467,50.01531,50.5943675,50.4235,50.8395,49.8353,50.55385,50.22588,46.4054,36.83594,50.83115,51.89806,47.08977,52.15371,52.15887,50.44781,51.96952,50.91959,52.08738,51.07354,50.84042,50.96465,48.77394,50.54086,47.73321,50.00988,48.81491,43.95437,47.91052,50.5943675,46.86556,39.28879,49.34923,42.17302,48.19537,46.67079,49.97625,49.10738,42.75292,48.74427,47.79758,42.439,49.15408,47.83604,46.83137,41.44133,49.15488,48.6255,42.77358,36.18177,42.44702,48.93184,48.44463,42.11781,48.25071,35.4729,49.27581,42.63158,50.5943675,43.66254,50.78869,50.59608,39.94583,49.2064,42.57748,50.47571,49.33058,48.83273,48.89435,48.95865,49.15396,49.41052,49.59056,49.98496,49.9009,49.81335,49.05871,49.44098,48.86081,,48.82679,49.09852,,48.24937,48.51679,48.70815,48.96711,48.8004,48.86993,48.66781,48.25869,48.43629,47.97031,48.41763,48.65002,48.94365,49.01823,49.77021,49.39389,48.95577,49.1629,48.915,48.96525,48.96877,49.07819,49.01469,49.13448,45.40596,48.0546,48.84452,48.72727,48.65535,48.62725,48.92744,48.42833,48.91389,47.98504,35.30093,48.46906,49.35427,49.19079,49.29006,49.11765,48.88452,49.07754,48.59716,48.08256,49.41921,49.23756,49.79892,48.81423,49.4451,48.67804,48.77798,49.19231,49.27275,48.536,48.66969,45.50744,48.99242,48.7284,29.26417,48.2196,49.77879,49.07085,49.04969,45.4655,45.84098,49.21706,49.34508,49.30581,49.04604,48.60395,48.74762,48.21158,49.13813,48.42125,45.50394,50.5943675,7841.01489
2022-10-08 16:00:00,528.1168,,35.41623,34.81808,35.85382125000001,35.12915,35.05337,34.84552,35.1805,35.31806,35.20973,35.85382125000001,35.53027,36.36029,35.24313,36.02117,35.94521,32.66354,26.30829,35.86391,37.20969,33.32229,37.45467,37.55964,35.69471,37.54138,36.15538,37.61746,36.70781,35.95431,36.59402,34.84846,35.68194,33.76083,35.39458,34.48792,31.0786,33.46338,35.85382125000001,32.50598,27.59513,34.75315,29.64515,33.79998,32.67004,34.93029,34.47523,30.22235,34.19317,33.1596,29.82365,34.38898,33.41733,32.39029,28.94427,34.28321,34.00888,29.91394,25.45723,29.68473,34.48362,34.00594,29.54111,33.96096,25.06787,34.67973,30.09492,35.85382125000001,30.94808,35.63652,35.54431,28.58788,34.67535,30.34456,35.59846,34.66542,34.05556,34.25044,34.22325,34.40065,34.48652,34.73119,35.00187,34.91084,34.7874,34.37989,34.62777,34.19929,,34.22419,34.31148,,33.73792,33.92648,34.12246,34.33635,34.12169,34.25386,34.07162,33.74511,33.86152,33.45898,33.88248,34.09348,34.30996,34.30802,34.84523,34.57214,34.27796,34.4715,34.21254,34.2255,34.25456,34.39911,34.26296,34.3791,31.78533,33.63711,34.14566,34.09308,34.08425,34.02923,34.24321,33.97167,34.21835,33.59677,24.75704,33.91548,34.58158,34.44529,34.491,34.47538,34.38756,34.41604,33.98562,33.62862,34.61433,34.52767,34.89604,34.12529,34.62902,34.13177,34.22748,34.57281,34.48921,33.96144,34.08342,31.90254,34.27844,34.09725,27.29544,33.85469,34.96734,34.56923,34.48692,31.98352,32.21138,34.45969,34.53971,34.59704,34.3181,33.96173,34.14004,33.90054,34.48977,33.91806,31.82338,35.85382125000001,5518.608544999999
2022-10-08 17:00:00,248.1364,,15.20794,14.88083,15.757254999999999,15.08539,15.11139,15.09858,15.17333,15.47846,15.14904,15.757254999999999,15.26552,16.23483,15.33798,15.97437,16.00187,14.08102,11.7686,15.58812,16.73046,14.56521,16.97754,17.06591,15.59296,17.17987,15.93898,17.25148,16.61919,15.75712,16.47354,15.54365,15.58988,14.92604,15.52585,15.0975,13.63783,14.3904,15.757254999999999,13.91806,11.87173,15.10983,12.8061,14.62677,14.09783,15.04787,14.85292,13.20437,14.55275,13.87239,12.80208,14.673,14.24058,13.55831,12.16475,14.6506,14.33227,12.68536,10.99417,12.54023,14.86479,14.52694,12.54823,14.56992,12.85873,14.89137,12.98085,15.757254999999999,13.56194,15.29096,15.27292,12.71002,15.01725,13.39802,15.45983,14.73554,14.29523,14.51535,14.40694,14.48602,14.52517,14.69367,14.89508,14.82273,14.62948,14.53936,14.65829,14.41633,,14.45606,14.38802,,14.1996,14.36029,14.44713,14.64908,14.33679,14.54548,14.44294,14.24756,14.25904,14.10227,14.33604,14.47912,14.57246,14.49934,14.76736,14.64825,14.53796,14.75154,14.472,14.49719,14.54554,14.66735,14.46892,14.6299,13.48071,14.30417,14.37871,14.44675,14.44096,14.42419,14.5379,14.44921,14.46117,14.13531,12.65811,14.34611,14.72369,14.66873,14.57515,14.77854,14.71452,14.68027,14.32786,14.24692,14.80956,14.66175,14.83225,14.52244,14.72677,14.5404,14.5915,14.82434,14.64925,14.41927,14.48021,13.59581,14.53683,14.47477,11.73221,14.35133,14.93202,14.89856,14.72544,13.69529,13.80031,14.66962,14.62983,14.762,14.52935,14.33821,14.44798,14.44442,14.75966,14.39217,13.50811,15.757254999999999,2372.8705
2022-10-08 18:00:00,23.17838,,1.446521,1.401562,0.0,1.453896,1.492375,1.536479,1.475125,1.566188,1.469792,0.0,1.409104,1.745813,1.584042,1.654854,1.634042,1.315333,1.251625,1.544417,1.746333,1.432563,1.826083,1.797104,1.468313,1.884521,1.57925,1.932292,1.803104,1.490312,1.693812,1.553792,1.450979,1.512958,1.454083,1.593521,1.279979,1.476354,0.0,1.379229,1.080958,1.458542,1.182875,1.455042,1.494687,1.378583,1.463625,1.315854,1.375833,1.425042,1.180583,1.546542,1.371063,1.273271,1.322062,1.467688,1.353646,1.163333,1.115646,1.213958,1.461354,1.405042,1.133667,1.575458,1.292292,1.511896,1.232958,0.0,1.413167,1.493729,1.472458,1.292229,1.508146,1.326125,1.535833,1.349646,1.333563,1.152208,1.118146,1.22025,1.151437,1.307312,1.331125,1.465979,1.176771,1.265771,1.247521,1.279167,,1.323667,1.176146,,1.009333,1.208437,1.082667,1.331802,1.003354,1.245167,1.142875,1.180729,1.086354,1.182333,1.111021,1.2915,1.114437,1.244979,1.314354,0.9179375,0.9518542,1.244208,0.9280418,1.125604,0.9880833,1.203417,0.9642084,1.214542,0.9932709,1.1625,0.9800001,1.17125,1.023729,1.219021,0.9998543,1.241917,0.889125,1.177229,1.054938,1.172813,0.9075416,1.177271,0.8243542,1.233292,1.072521,1.11925,0.8329583,1.17925,1.258167,1.111958,1.120729,1.304563,1.067604,1.295042,1.064375,1.440583,1.081875,1.235104,1.047896,1.173583,1.002083,1.272666,0.9403541,1.285583,1.211813,1.419917,1.241562,1.286125,1.250667,1.374896,1.195,1.351,1.143083,1.237125,1.109771,1.321646,1.310125,1.280583,1.260875,,205.7433227
2022-10-08 19:00:00,0.0,,,,,,,,,,,,,,,,,,,,,,,,,,,,,,,,,,,,,,,,,,,,,,,,,,,,,,0.1012098,,,,,,,,,0.03331294,,,,,,,,,,,,,,,,,,,,,,,,,,,,,,,,,,,,,,,,,,,,,,,,,,,,,,,,,,,,,,,,,,,,,,,,,,,,,,,,,,,,,,,,,,,,,,,,,,,,,,,,,0.13452274
2022-10-08 20:00:00,0.0,,,,,,,,,,,,,,,,,,,,,,,,,,,,,,,,,,,,,,,,,,,,,,,,,,,,,,,,,,,,,,,,,,,,,,,,,,,,,,,,,,,,,,,,,,,,,,,,,,,,,,,,,,,,,,,,,,,,,,,,,,,,,,,,,,,,,,,,,,,,,,,,,,,,,,,,,,,,,,,,,,,,,,,,0.0
2022-10-08 21:00:00,0.0,,,,,,,,,,,,,,,,,,,,,,,,,,,,,,,,,,,,,,,,,,,,,,,,,,,,,,,,,,,,,,,,,,,,,,,,,,,,,,,,,,,,,,,,,,,,,,,,,,,,,,,,,,,,,,,,,,,,,,,,,,,,,,,,,,,,,,,,,,,,,,,,,,,,,,,,,,,,,,,,,,,,,,,,0.0
2022-10-08 22:00:00,0.0,,,,,,,,,,,,,,,,,,,,,,,,,,,,,,,,,,,,,,,,,,,,,,,,,,,,,,,,,,,,,,,,,,,,,,,,,,,,,,,,,,,,,,,,,,,,,,,,,,,,,,,,,,,,,,,,,,,,,,,,,,,,,,,,,,,,,,,,,,,,,,,,,,,,,,,,,,,,,,,,,,,,,,,,0.0
2022-10-08 23:00:00,0.0,,,,,,,,,,,,,,,,,,,,,,,,,,,,,,,,,,,,,,,,,,,,,,,,,,,,,,,,,,,,,,,,,,,,,,,,,,,,,,,,,,,,,,,,,,,,,,,,,,,,,,,,,,,,,,,,,,,,,,,,,,,,,,,,,,,,,,,,,,,,,,,,,,,,,,,,,,,,,,,,,,,,,,,,0.0
2022-10-09 00:00:00,0.0,,,,,,,,,,,,,,,,,,,,,,,,,,,,,,,,,,,,,,,,,,,,,,,,,,,,,,,,,,,,,,,,,,,,,,,,,,,,,,,,,,,,,,,,,,,,,,,,,,,,,,,,,,,,,,,,,,,,,,,,,,,,,,,,,,,,,,,,,,,,,,,,,,,,,,,,,,,,,,,,,,,,,,,,0.0
2022-10-09 01:00:00,0.0,,,,,,,,,,,,,,,,,,,,,,,,,,,,,,,,,,,,,,,,,,,,,,,,,,,,,,,,,,,,,,,,,,,,,,,,,,,,,,,,,,,,,,,,,,,,,,,,,,,,,,,,,,,,,,,,,,,,,,,,,,,,,,,,,,,,,,,,,,,,,,,,,,,,,,,,,,,,,,,,,,,,,,,,0.0
2022-10-09 02:00:00,0.0,,,,,,,,,,,,,,,,,,,,,,,,,,,,,,,,,,,,,,,,,,,,,,,,,,,,,,,,,,,,,,,,,,,,,,,,,,,,,,,,,,,,,,,,,,,,,,,,,,,,,,,,,,,,,,,,,,,,,,,,,,,,,,,,,,,,,,,,,,,,,,,,,,,,,,,,,,,,,,,,,,,,,,,,0.0
2022-10-09 03:00:00,0.0,,,,,,,,,,,,,,,,,,,,,,,,,,,,,,,,,,,,,,,,,,,,,,,,,,,,,,,,,,,,,,,,,,,,,,,,,,,,,,,,,,,,,,,,,,,,,,,,,,,,,,,,,,,,,,,,,,,,,,,,,,,,,,,,,,,,,,,,,,,,,,,,,,,,,,,,,,,,,,,,,,,,,,,,0.0
2022-10-09 04:00:00,0.0,,,,,,,,,,,,,,,,,,,,,,,,,,,,,,,,,,,,,,,,,,,,,,,,,,,,,,,,,,,,,,,,,,,,,,,,,,,,,,,,,,,,,,,,,,,,,,,,,,,,,,,,,,,,,,,,,,,,,,,,,,,,,,,,,,,,,,,,,,,,,,,,,,,,,,,,,,,,,,,,,,,,,,,,0.0
2022-10-09 05:00:00,0.0,,,,,,,,,,,,,,,,,,,,,,,,,,,,,,,,,,,,,,,,,,,,,,,,,,,,,,,,,,,,,,,,,,,,,,,,,,,,,,,,,,,,,,,,,,,,,,,,,,,,,,,,,,,,,,,,,,,,,,,,,,,,,,,,,,,,,,,,,,,,,,,,,,,,,,,,,,,,,,,,,,,,,,,,0.0
2022-10-09 06:00:00,0.0,,0.0,0.0,0.0,0.0,0.0,0.0,0.0,0.0,0.0,0.0,0.0,0.0,0.0,0.0,0.0,0.0,0.0,0.0,0.0,0.0,0.0,0.0,0.0,0.0,0.0,0.0,0.0,0.0,0.0,0.0,0.0,0.0,0.0,0.0,0.0,0.0,0.0,0.0,0.0,0.0,0.0,0.0,0.0,0.0,0.0,0.0,0.0,0.0,0.0,0.0,0.0,0.0,0.0,0.0,0.0,0.0,0.0,0.0,0.0,0.0,0.0,0.0,0.0,0.0,0.0,0.0,0.0,0.0,0.0,0.0,0.0,0.0,0.0,0.0,0.0,0.0,0.0,0.0,0.0,0.0,0.0,0.0,0.0,0.0,0.0,0.0,,0.0,0.0,,0.0,0.0,0.0,0.0,0.0,0.0,0.0,0.0,0.0,0.0,0.0,0.0,0.0,0.0,0.0,0.0,0.0,0.0,0.0,0.0,0.0,0.0,0.0,0.0,0.0,0.0,0.0,0.0,0.0,0.0,0.0,0.0,0.0,0.0,0.0,0.0,0.0,0.0,0.0,0.0,0.0,0.0,0.0,0.0,0.0,0.0,0.0,0.0,0.0,0.0,0.0,0.0,0.0,0.0,0.0,0.0,0.0,0.0,0.0,0.0,0.0,0.0,0.0,0.0,0.0,0.0,0.0,0.0,0.0,0.0,0.0,0.0,0.0,0.0,0.0,,0.0
2022-10-09 07:00:00,17.50677,,1.06725,1.345021,0.0,1.256604,1.455229,1.693354,1.270375,1.008021,1.690271,0.0,1.487021,1.019938,1.851063,0.9067292,0.9357917,1.518375,0.8852499,1.464,0.6475416,0.9415208,0.9309376,0.8252083,1.262729,0.893854,1.026604,0.9630417,0.8787085,0.9842498,0.7895208,0.7687501,0.9966249,0.7499584,0.9750416,0.7819999,0.7658957,0.8860416,0.0,0.7784791,0.9551875,0.8457292,1.030312,1.040583,1.216375,1.382396,0.7437918,1.469583,0.6922916,1.230438,0.8236042,1.163021,0.9200625,0.9135832,1.897479,1.463854,1.002,1.822125,1.011625,1.024729,1.119583,1.374083,1.689896,1.718937,1.676125,1.346208,1.709833,0.0,1.857854,1.364438,1.499,1.398438,1.349291,1.519417,1.085896,2.765854,2.599729,2.287458,2.401792,2.347729,2.495438,2.373229,2.775271,2.615833,2.410583,2.16975,2.467688,2.325542,,2.353229,2.626563,,2.313562,2.186625,2.301208,2.219271,2.496792,1.533604,2.191292,2.083167,2.3245,2.169938,2.482063,2.10775,2.581229,2.192729,2.479021,2.203708,2.159333,1.623479,2.180875,1.283063,2.263417,1.509917,2.108438,1.687062,1.969604,2.245125,2.197771,1.988812,2.378146,2.173834,2.058604,1.765563,1.736271,1.787542,2.031979,1.825542,1.921875,2.022167,1.758042,1.79725,2.439208,1.706188,2.227083,1.747979,1.743083,1.882188,1.872646,1.453625,1.766437,1.678396,1.718688,1.731521,1.808896,1.494792,2.045708,1.626938,1.697938,1.838437,2.16025,1.82875,1.805667,1.623438,1.98875,1.624729,1.940646,1.837229,1.793208,1.765208,1.652396,1.589563,1.862146,1.629021,1.802792,1.736438,1.435458,,262.9700672
2022-10-09 08:00:00,228.3573,,16.00535,17.87563,19.502914687499995,18.5025,18.57027,18.57806,18.32591,17.31385,19.08987,19.502914687499995,18.96133,14.91158,18.81348,12.61769,11.38358,17.22106,12.17633,18.52219,10.74094,16.14156,11.29723,9.367706,17.90844,8.106501,16.56104,7.730582,8.173062,17.03915,7.557896,7.58275,17.10156,8.948083,16.0595,8.639543,13.86198,9.974521,19.502914687499995,11.84623,13.25037,12.86394,13.81606,11.82431,10.2755,17.56094,8.386686,14.92833,7.461335,9.031583,14.06373,9.376918,11.47496,14.36919,14.9085,14.94183,11.79825,16.43194,12.14212,15.56815,12.72444,13.76827,15.99783,17.2146,15.75416,17.24046,15.64889,19.502914687499995,15.81386,18.23758,18.2271,13.35938,17.56858,14.71904,16.441,19.65898,19.64381,19.33413,19.47898,19.28012,19.64515,19.51081,19.99423,19.94187,19.53671,19.29312,19.48029,19.23548,,19.08554,19.53765,,19.20071,19.09763,19.19525,19.42398,19.63717,18.81627,19.20458,18.94502,19.26844,18.71504,19.39335,19.21644,19.65754,19.27033,19.64675,19.48631,19.27144,18.85187,19.42731,18.51142,19.44221,18.78912,19.36704,18.91369,17.90689,19.09179,19.32512,19.04044,19.41706,19.14515,19.27983,18.64881,18.75452,18.12417,19.21696,18.28373,19.15098,19.07384,18.89369,18.66789,19.71719,18.87081,19.25641,18.44446,19.11289,19.22152,19.39685,18.45821,19.14056,18.79202,18.81292,18.84262,19.20202,18.40112,19.15171,17.51008,18.75896,18.93171,18.54258,18.61156,19.76561,19.16198,19.56389,17.85079,18.27923,19.26748,19.18881,19.17104,18.93725,18.65186,19.10062,18.69629,19.0834,18.96931,17.442,19.502914687499995,2764.4408547499997
2022-10-09 09:00:00,507.2084,,38.97296,38.49285,39.3085484375,38.48917,38.31827,38.17052,38.30198,37.49944,38.94002,39.3085484375,38.95766,35.16231,38.37492,32.21307,31.55881,35.59875,31.50996,38.51331,34.24506,35.0444,31.32135,28.8136,37.851,27.66802,37.6515,30.52306,28.60825,37.92681,27.39854,26.78865,37.92567,27.09379,37.24469,27.4004,32.42685,27.62229,39.3085484375,30.72308,29.20515,34.58244,30.75829,30.66631,28.15475,37.49131,27.37802,32.25539,29.27365,28.43394,31.77488,27.38571,34.43979,34.85415,31.48673,33.31881,30.35,33.58529,30.45327,33.05585,31.90085,36.6959,32.8585,37.85463,33.03352,38.1865,32.67725,39.3085484375,32.90712,38.892,38.67492,28.8199,37.56969,31.46571,36.45148,39.50888,39.5516,39.13362,39.2995,39.13546,39.61314,39.47598,39.9809,39.89164,39.70694,39.08002,39.41615,39.049,,38.92802,39.31854,,38.652,38.64581,38.84702,39.00975,39.35115,38.69602,38.97089,38.46466,38.83819,38.21814,38.97737,38.86644,39.39241,39.05671,39.61252,39.35802,38.89998,38.55498,39.06773,38.44646,39.03496,38.57548,39.0865,38.76466,36.23785,38.33635,39.02665,38.6836,38.93375,38.75081,38.88925,38.25877,38.54409,37.54677,39.0974,37.80941,39.06004,38.77525,39.02642,38.5636,39.19206,38.5346,38.7244,37.74867,38.90671,38.96041,39.39037,38.15402,38.93317,38.38264,38.45914,38.56248,39.01706,38.0526,38.63623,35.79877,38.56296,38.61852,37.31913,38.10827,39.75987,38.89309,39.17256,36.1404,36.54506,38.86977,38.9091,38.97421,38.60848,38.15015,38.54533,38.1166,38.70364,38.328,35.72596,39.3085484375,5948.99858375
2022-10-09 10:00:00,733.9209,,53.83865,53.13052,53.712870937500014,53.26731,53.02729,52.62308,53.09854,49.78052,53.61496,53.712870937500014,53.79602,52.22686,52.94485,51.49733,48.29979,49.313,39.08361,53.55517,52.19771,49.10215,50.26254,45.5845,52.80632,50.04473,52.78173,51.33537,47.9739,53.01115,46.63223,43.90662,52.9245,44.69794,52.09542,45.098,45.52242,44.16227,53.712870937500014,47.54344,40.87712,50.36217,43.55879,48.96069,45.93706,52.42585,48.838,44.83994,48.05286,44.68435,44.29877,45.90523,50.49658,49.40767,43.83687,51.56304,46.05402,46.03392,35.04619,45.63633,46.54208,51.34323,45.0709,51.77075,45.42756,52.51117,45.03717,53.712870937500014,45.58236,53.69564,53.38925,40.47889,51.8395,43.87598,52.6144,53.82852,53.80223,53.34856,53.54871,53.49921,53.98692,53.95689,54.49667,54.38485,54.32687,53.37773,53.846,53.28665,,53.14556,53.57484,,52.67373,52.77914,53.00775,53.22877,53.47871,52.99369,53.12802,52.51967,52.91592,52.36171,52.99956,53.01698,53.57692,53.34129,54.12325,53.66909,53.09265,52.91371,53.23452,52.87238,53.23013,52.97658,53.34798,53.12954,49.43469,52.2834,53.23208,52.89434,52.99221,52.90531,53.08756,52.47334,52.86892,51.76635,53.40727,52.11631,53.41229,53.13459,53.39819,52.90467,53.06467,52.87881,52.8209,52.01121,53.32663,53.29216,53.97033,52.6176,53.40308,52.63792,52.64896,52.951,53.38946,52.34912,52.80717,49.13869,52.90679,52.90473,51.86202,52.23642,54.20971,53.20233,53.39502,49.42313,49.8079,53.36725,53.41994,53.43948,53.05725,52.52344,52.78808,52.12329,53.08303,52.52565,49.23438,53.712870937500014,8333.77722375
2022-10-09 11:00:00,896.36,,61.11348,60.82508,61.0420628125,61.42958,60.94941,59.97127,60.90304,60.62212,60.93144,61.0420628125,60.83808,60.80246,59.95156,60.59063,60.26783,58.04736,44.74839,61.20396,60.78712,58.19292,60.81448,60.65419,60.8315,60.63617,60.99538,60.73516,60.11423,61.02914,60.17206,58.55129,61.49659,57.57912,60.69987,59.01525,54.03019,57.90916,61.0420628125,57.60198,48.65973,59.9656,52.05281,59.33456,57.94252,60.81513,60.46306,53.11237,60.28104,58.15985,52.6655,59.11052,59.70404,58.6645,52.28998,60.49079,60.06652,54.06652,43.84938,53.62129,59.21529,60.01475,52.87825,59.50211,49.18962,60.5335,53.07004,61.0420628125,53.79127,61.16542,60.9305,48.02929,60.38277,52.12777,60.72821,60.13717,61.14275,60.87361,60.78577,60.81514,60.92915,60.94823,61.33544,60.07156,60.9781,60.91071,60.94031,60.88548,,59.99021,60.80523,,60.48242,60.62875,60.65908,60.90644,59.18262,60.8085,61.0636,60.39252,60.68452,60.35836,60.7385,60.8256,61.21379,60.84554,61.10944,60.87304,60.80302,61.05809,60.81639,60.8404,60.83708,60.80033,60.91248,61.00113,57.59354,60.35469,60.58085,60.65077,59.27985,60.79023,60.77002,60.60615,60.78625,60.23463,54.33681,60.50952,61.02404,60.89206,60.76925,60.85048,60.00279,60.68046,60.44002,59.74915,60.93116,60.79377,60.99569,60.75185,60.8605,60.62031,60.7316,58.04319,60.97561,60.45969,59.97525,57.5379,60.84383,60.77007,49.11115,59.82483,60.88937,60.90039,60.70427,57.67492,58.05204,60.04396,60.85002,60.70702,60.89102,60.56308,60.57823,60.33731,61.02946,60.58508,57.75967,61.0420628125,9671.168541250001
2022-10-09 12:00:00,974.7518,,61.26854,61.08121,61.491637812499995,61.95852,61.29633,60.1503,61.21096,61.2495,61.07389,61.491637812499995,60.93483,61.4505,60.02884,61.31748,61.10527,59.38096,46.15408,61.41173,61.30546,59.63636,61.26998,61.32575,61.14846,61.34061,61.33177,61.41225,61.40502,61.30217,61.25912,61.34152,61.98527,60.56617,61.28454,61.5033,55.70421,61.33671,61.491637812499995,60.48967,50.29496,61.34083,54.19262,61.32,60.08394,61.30337,61.58081,54.75262,61.89548,60.02546,54.51769,60.08765,61.57948,60.75929,54.22521,61.46981,61.43567,55.47869,46.07479,55.12623,61.41835,61.23794,54.02881,60.1501,45.49483,59.54904,54.6735,61.491637812499995,55.5175,61.46516,61.25944,50.02777,61.5086,54.00938,61.22294,60.1666,61.34452,61.19977,60.97131,60.99081,61.03125,61.07581,61.44083,60.07652,61.06285,61.14746,61.08431,61.16125,,60.08833,60.98823,,60.96861,61.06177,61.01809,61.23167,59.19537,61.19752,61.61279,60.85527,61.12373,60.86594,61.18829,61.2112,61.53412,61.0839,61.22381,61.06165,61.17059,61.60865,61.13594,61.3349,61.16615,61.20123,61.22277,61.42246,58.71031,61.02039,60.8275,61.05852,59.35014,61.27167,61.12765,61.23008,61.2696,61.08815,45.51052,61.20821,61.36683,61.23988,61.01966,61.32558,60.16785,61.06931,60.76936,60.08025,61.21108,61.05615,61.1394,61.32144,61.10244,61.17479,61.37592,61.65812,61.297,61.13694,60.14102,59.37094,61.3379,61.23492,50.22879,60.14431,61.01162,61.24304,60.94096,58.92839,59.23029,60.09629,61.09725,60.88194,61.31598,61.07233,60.9856,61.13342,61.52398,61.21111,59.59998,61.491637812499995,9779.53686125
2022-10-09 13:00:00,973.0458,,61.31885,61.09708,61.44475687500001,61.87877,61.35125,60.14986,61.25084,61.29313,61.0995,61.44475687500001,60.96227,61.52769,60.02481,61.38413,61.14654,58.38433,45.61254,61.46081,61.3908,58.68463,61.3025,61.39079,61.19973,61.3791,61.36592,61.45619,61.47107,61.35292,61.32525,60.88827,61.9596,60.07129,61.33083,61.12206,55.00912,60.89085,61.44475687500001,59.73152,49.45165,61.35344,53.46535,60.94423,59.69011,61.35938,61.63129,53.89223,61.64017,59.95692,53.7516,60.091,61.08348,60.12498,53.49271,61.46938,61.3619,54.55848,45.5111,54.31073,61.29284,61.07392,53.20023,60.12867,44.83133,49.98402,53.90335,61.44475687500001,54.8165,61.50825,61.29971,49.55629,61.47712,53.21087,61.26191,60.16665,60.83561,61.18004,60.97048,60.52919,61.06992,61.126,60.83762,60.07483,61.10838,61.19614,61.14575,61.19079,,60.08827,61.02573,,60.86312,61.0285,60.98608,61.24059,59.21854,61.03788,60.81873,60.78379,61.0174,60.41106,61.03892,60.62171,61.37196,61.11679,60.74414,60.50392,60.66483,60.97202,61.10771,60.77944,61.185,60.63737,60.74079,61.02577,57.52665,60.84594,60.34261,60.44856,59.3867,60.61042,61.1035,61.09283,61.25217,60.91056,44.13531,61.15831,61.39573,61.25708,60.61988,60.80802,60.16348,61.11175,60.25358,60.06747,61.25646,61.09637,61.18296,61.32242,60.65675,61.11727,60.65542,61.57885,60.67762,61.06429,60.13933,58.17887,61.26675,60.69962,49.1214,60.1069,61.04362,61.25444,60.94492,57.61733,57.7929,60.11867,61.14388,60.91333,61.34288,61.09935,60.96027,60.94135,61.47327,61.15029,58.38588,61.44475687500001,9728.9846775
2022-10-09 14:00:00,887.1015,,59.61396,58.5509,59.316484375,58.72694,58.78031,58.11361,58.89106,42.77692,58.93044,59.316484375,59.23615,59.30467,58.313,59.12689,58.73094,54.69417,43.08881,59.60423,60.17675,55.32844,60.31906,60.29704,59.20231,60.07575,59.4776,60.14658,59.53783,59.54144,59.33263,57.13012,59.17191,56.15071,58.78052,57.51661,51.62725,56.47604,59.316484375,55.07389,46.26054,58.0942,49.77977,56.8645,55.35252,58.86444,58.23767,50.43804,57.63329,56.61346,50.19231,57.92279,56.6505,55.80856,49.30463,58.29402,57.49942,50.84833,42.64365,50.46033,57.76867,57.45325,49.8785,57.05567,41.99606,39.85543,50.32481,59.316484375,51.46598,59.78604,59.53983,46.77954,58.08625,49.96858,59.36765,58.1154,58.12367,57.97842,58.03537,58.31973,58.55504,58.78857,59.13285,58.67496,59.00606,58.2765,58.59077,58.05954,,57.7574,58.31833,,57.24977,57.61169,57.7476,58.04106,57.54202,57.93203,57.68994,57.28268,57.48925,57.08769,57.451,57.70431,57.99373,58.15494,58.9496,58.43806,57.94023,58.14944,57.93221,58.0525,58.05773,58.09844,58.18232,58.20668,53.79617,57.03921,57.93012,57.85694,57.43235,57.67736,57.85396,57.2934,57.8511,56.87033,41.66444,57.57217,58.30406,58.22527,58.26456,58.07467,57.59479,58.01789,57.60852,57.02175,58.53188,58.28836,58.81229,57.81804,58.49406,57.52787,57.65877,58.03175,58.28702,57.30394,57.47883,53.86923,57.93309,57.71896,45.92719,56.79075,58.87516,58.15902,57.96269,53.71331,54.24062,58.08027,58.43379,58.31573,58.1711,57.69969,57.73429,57.09033,58.16637,57.34288,53.97596,59.316484375,9233.3004775
2022-10-09 15:00:00,736.4059,,49.85712,48.82454,49.96494500000001,49.144,49.11164,48.77763,49.3119,49.19313,49.37308,49.96494500000001,49.81504,50.13567,49.17609,49.9089,49.60996,45.80092,36.41743,50.11329,51.27927,46.5105,51.56823,51.58467,49.81235,51.39347,50.17427,51.48927,50.41825,50.11081,50.29767,48.09838,49.807,47.05779,49.26725,48.10331,43.29742,47.19883,49.96494500000001,46.11014,38.69702,48.52486,41.60027,47.39829,45.9194,49.22314,48.42071,42.12154,48.05317,47.12933,41.78656,48.48146,47.14927,46.19535,40.85531,48.46344,47.90469,42.24573,35.70492,41.92933,48.34821,47.92263,41.57379,47.71748,35.11087,46.01246,42.14433,49.96494500000001,43.27367,50.32883,50.14296,39.59367,48.7897,42.12729,50.01029,48.77033,48.342,48.34296,48.37389,48.5486,48.77804,49.0179,49.40927,49.37077,49.2695,48.54573,48.89348,48.35316,,48.35644,48.53967,,47.55275,47.81015,48.04491,48.25598,48.19319,48.22813,48.04927,47.61221,47.83204,47.35208,47.86131,48.03144,48.3719,48.38554,49.16767,48.69046,48.22913,48.36813,48.17902,48.21002,48.27363,48.32252,48.33416,48.39221,44.72779,47.39542,48.12504,48.01269,47.9901,47.91256,48.09719,47.71073,48.08069,47.25279,34.69386,47.70733,48.55296,48.43771,48.5019,48.36546,48.14929,48.29823,47.88175,47.36325,48.66812,48.46269,48.99744,48.11856,48.66225,47.98552,47.97913,48.48732,48.46735,47.78744,47.86477,44.87648,48.1676,48.00436,38.23655,47.51446,49.11512,48.52491,48.24512,44.8115,45.13583,48.54442,48.55148,48.64048,48.30075,47.9441,47.9739,47.53027,48.37573,47.75912,44.90741,49.96494500000001,7741.46548
2022-10-09 16:00:00,517.9422,,34.67642,33.9464,35.0295128125,34.30138,34.18863,34.01444,34.36871,34.51252,34.37504,35.0295128125,34.72873,35.49425,34.39777,35.16144,35.112,31.93169,25.73244,35.01754,36.37159,32.61169,36.63712,36.75125,34.94337,36.72806,35.29662,36.81944,35.86256,35.13943,35.73814,34.00277,34.87742,32.92902,34.61606,33.67617,30.37365,32.58075,35.0295128125,31.65525,26.94367,33.85358,28.97021,32.89383,31.75994,34.07879,33.61896,29.49306,33.24538,32.30158,29.0681,33.49767,32.5379,31.50783,28.22135,33.41616,33.10077,29.19498,24.81104,28.93711,33.64613,33.22742,28.79644,33.15633,24.49492,33.83379,29.32825,35.0295128125,30.23123,34.83604,34.72133,27.87617,33.87614,29.57937,34.74661,33.75796,33.22792,33.44871,33.38944,33.56329,33.61023,33.87579,34.16106,34.06721,33.92973,33.56652,33.73933,33.3595,,33.39644,33.41902,,32.92348,33.12104,33.30052,33.52167,33.33629,33.47419,33.27715,32.96948,33.05021,32.72483,33.10815,33.32688,33.4906,33.49658,34.02269,33.78712,33.45806,33.62762,33.4055,33.44398,33.47575,33.60873,33.48925,33.59396,31.02223,32.91894,33.32241,33.30338,33.28975,33.22808,33.39298,33.17777,33.37171,32.78891,24.13865,33.09133,33.74773,33.63813,33.64046,33.66033,33.57777,33.58848,33.191,32.84408,33.81331,33.67742,34.04348,33.29852,33.7924,33.34131,33.37173,33.78933,33.65254,33.1485,33.25227,31.18108,33.41914,33.2865,26.66242,33.07536,34.1744,33.82341,33.63187,31.21538,31.44011,33.6544,33.69581,33.7874,33.52125,33.19002,33.33033,33.11413,33.66846,33.1571,31.12564,35.0295128125,5387.304911249999
2022-10-09 17:00:00,237.3213,,14.59252,14.23994,15.114883125,14.46061,14.46744,14.47519,14.57712,14.82877,14.5265,15.114883125,14.67098,15.5596,14.68308,15.30717,15.34673,13.53356,11.30338,14.94667,16.03408,14.00023,16.25827,16.35885,14.99219,16.47694,15.2541,16.5871,15.92939,15.11586,15.76894,14.88244,14.9715,14.29148,14.93081,14.46779,13.09198,13.76546,15.114883125,13.30727,11.37638,14.44308,12.29873,13.98302,13.49698,14.39808,14.24633,12.67015,13.90235,13.28712,12.27881,14.07469,13.63619,13.01577,11.67408,14.04912,13.70392,12.17908,10.5379,12.03036,14.27392,13.98323,12.0216,14.02814,12.42646,14.30019,12.4309,15.114883125,13.0565,14.73008,14.70727,12.19204,14.48052,12.81264,14.84467,14.14233,13.72402,13.95581,13.82262,13.92027,13.9159,14.11569,14.32333,14.25758,14.0609,13.96911,14.05904,13.85015,,13.88819,13.81717,,13.61585,13.79321,13.85382,14.06062,13.78077,13.97921,13.87696,13.68752,13.69115,13.56681,13.7885,13.94004,14.00575,13.92794,14.20362,14.06652,13.93925,14.13698,13.87496,13.9226,13.97396,14.07213,13.92396,14.03815,12.92863,13.76512,13.78327,13.85338,13.86879,13.82498,13.94335,13.86063,13.87973,13.55179,10.42833,13.74431,14.10975,14.07288,13.95975,14.17986,14.12352,14.06742,13.75029,13.67783,14.20687,14.05881,14.22179,13.90888,14.12892,13.94302,13.98342,14.25442,14.06271,13.80844,13.89279,13.07398,13.91923,13.89494,11.29467,13.78483,14.35696,14.30271,14.11952,13.14861,13.2449,14.07898,14.01859,14.16648,13.94408,13.77008,13.85169,13.85294,14.16198,13.81821,12.99342,15.114883125,2275.2166425000005
2022-10-09 18:00:00,19.4355,,1.215479,1.148458,0.0,1.213229,1.235708,1.291625,1.245771,1.293667,1.232687,0.0,1.182042,1.447437,1.321666,1.361562,1.346583,1.110083,1.043271,1.289562,1.435354,1.1995,1.501083,1.480521,1.251437,1.561958,1.304,1.632187,1.495438,1.24875,1.392,1.279896,1.227521,1.260229,1.222833,1.342417,1.061292,1.224313,0.0,1.14075,0.8889791,1.192708,0.9887709,1.196333,1.251292,1.131167,1.230708,1.091479,1.122542,1.203417,0.9766041,1.313812,1.146083,1.068417,1.134563,1.230271,1.107021,0.9552917,0.9315624,1.009229,1.220437,1.185813,0.9309583,1.33803,1.118562,1.251146,1.009542,0.0,1.208792,1.246875,1.219729,1.067042,1.268479,1.086063,1.265,1.129667,1.128479,0.9372084,0.9282499,1.004938,0.9402083,1.081104,1.124021,1.258771,0.9729583,1.057125,1.037083,1.057875,,1.102625,0.9714167,,0.7977917,1.011938,0.8843333,1.105833,0.8254584,1.020458,0.9501042,0.9815833,0.8852917,0.9807708,0.9414376,1.093167,0.9412084,1.026042,1.113229,0.7777292,0.7744166,1.040208,0.7823749,0.9252707,0.8368333,0.9831042,0.7893541,1.018771,0.7863959,0.9754583,0.7992709,0.9419999,0.8546667,0.9891043,0.8416458,1.047354,0.7490417,0.9824166,0.8714375,0.9934375,0.757,0.9953333,0.6683334,1.037438,0.9047083,0.9289166,0.6956874,0.9872292,1.041708,0.9436459,0.9465417,1.0905,0.9073959,1.090625,0.8717709,0.8798543,0.8839582,1.023958,0.8828334,0.9958542,0.8214793,1.060583,0.7471668,1.104354,1.025458,1.192271,1.024875,1.086104,1.077229,1.16075,1.010125,1.139313,0.9730626,1.035917,0.91625,1.121625,1.113104,1.079979,1.073,,171.173632
2022-10-09 19:00:00,0.0,,,,,,,,,,,,,,,,,,,,,,,,,,,,,,,,,,,,,,,,,,,,,,,,,,,,,,0.09283101,,,,,,,,,,,,,,,,,,,,,,,,,,,,,,,,,,,,,,,,,,,,,,,,,,,,,,,,,,,,,,,,,,,,,,,,,,,,,,,,,,,,,,,,,,,,,,,,,,,,,,,,,,,,,,,,,,0.09283101
2022-10-09 20:00:00,0.0,,,,,,,,,,,,,,,,,,,,,,,,,,,,,,,,,,,,,,,,,,,,,,,,,,,,,,,,,,,,,,,,,,,,,,,,,,,,,,,,,,,,,,,,,,,,,,,,,,,,,,,,,,,,,,,,,,,,,,,,,,,,,,,,,,,,,,,,,,,,,,,,,,,,,,,,,,,,,,,,,,,,,,,,0.0
2022-10-09 21:00:00,0.0,,,,,,,,,,,,,,,,,,,,,,,,,,,,,,,,,,,,,,,,,,,,,,,,,,,,,,,,,,,,,,,,,,,,,,,,,,,,,,,,,,,,,,,,,,,,,,,,,,,,,,,,,,,,,,,,,,,,,,,,,,,,,,,,,,,,,,,,,,,,,,,,,,,,,,,,,,,,,,,,,,,,,,,,0.0
2022-10-09 22:00:00,0.0,,,,,,,,,,,,,,,,,,,,,,,,,,,,,,,,,,,,,,,,,,,,,,,,,,,,,,,,,,,,,,,,,,,,,,,,,,,,,,,,,,,,,,,,,,,,,,,,,,,,,,,,,,,,,,,,,,,,,,,,,,,,,,,,,,,,,,,,,,,,,,,,,,,,,,,,,,,,,,,,,,,,,,,,0.0
2022-10-09 23:00:00,0.0,,,,,,,,,,,,,,,,,,,,,,,,,,,,,,,,,,,,,,,,,,,,,,,,,,,,,,,,,,,,,,,,,,,,,,,,,,,,,,,,,,,,,,,,,,,,,,,,,,,,,,,,,,,,,,,,,,,,,,,,,,,,,,,,,,,,,,,,,,,,,,,,,,,,,,,,,,,,,,,,,,,,,,,,0.0
2022-10-10 00:00:00,0.0,,,,,,,,,,,,,,,,,,,,,,,,,,,,,,,,,,,,,,,,,,,,,,,,,,,,,,,,,,,,,,,,,,,,,,,,,,,,,,,,,,,,,,,,,,,,,,,,,,,,,,,,,,,,,,,,,,,,,,,,,,,,,,,,,,,,,,,,,,,,,,,,,,,,,,,,,,,,,,,,,,,,,,,,0.0
2022-10-10 01:00:00,0.0,,,,,,,,,,,,,,,,,,,,,,,,,,,,,,,,,,,,,,,,,,,,,,,,,,,,,,,,,,,,,,,,,,,,,,,,,,,,,,,,,,,,,,,,,,,,,,,,,,,,,,,,,,,,,,,,,,,,,,,,,,,,,,,,,,,,,,,,,,,,,,,,,,,,,,,,,,,,,,,,,,,,,,,,0.0
2022-10-10 02:00:00,0.0,,,,,,,,,,,,,,,,,,,,,,,,,,,,,,,,,,,,,,,,,,,,,,,,,,,,,,,,,,,,,,,,,,,,,,,,,,,,,,,,,,,,,,,,,,,,,,,,,,,,,,,,,,,,,,,,,,,,,,,,,,,,,,,,,,,,,,,,,,,,,,,,,,,,,,,,,,,,,,,,,,,,,,,,0.0
2022-10-10 03:00:00,0.0,,,,,,,,,,,,,,,,,,,,,,,,,,,,,,,,,,,,,,,,,,,,,,,,,,,,,,,,,,,,,,,,,,,,,,,,,,,,,,,,,,,,,,,,,,,,,,,,,,,,,,,,,,,,,,,,,,,,,,,,,,,,,,,,,,,,,,,,,,,,,,,,,,,,,,,,,,,,,,,,,,,,,,,,0.0
2022-10-10 04:00:00,0.0,,,,,,,,,,,,,,,,,,,,,,,,,,,,,,,,,,,,,,,,,,,,,,,,,,,,,,,,,,,,,,,,,,,,,,,,,,,,,,,,,,,,,,,,,,,,,,,,,,,,,,,,,,,,,,,,,,,,,,,,,,,,,,,,,,,,,,,,,,,,,,,,,,,,,,,,,,,,,,,,,,,,,,,,0.0
2022-10-10 05:00:00,0.0,,,,,,,,,,,,,,,,,,,,,,,,,,,,,,,,,,,,,,,,,,,,,,,,,,,,,,,,,,,,,,,,,,,,,,,,,,,,,,,,,,,,,,,,,,,,,,,,,,,,,,,,,,,,,,,,,,,,,,,,,,,,,,,,,,,,,,,,,,,,,,,,,,,,,,,,,,,,,,,,,,,,,,,,0.0
2022-10-10 06:00:00,0.0,,0.0,0.0,0.0,0.0,0.0,0.0,0.0,0.0,0.0,0.0,0.0,0.0,0.0,0.0,0.0,0.0,0.0,0.0,0.0,0.0,0.0,0.0,0.0,0.0,0.0,0.0,0.0,0.0,0.0,0.0,0.0,0.0,0.0,0.0,0.0,0.0,0.0,0.0,0.0,0.0,0.0,0.0,0.0,0.0,0.0,0.0,0.0,0.0,0.0,0.0,0.0,0.0,,0.0,0.0,,0.0,,0.0,0.0,0.0,0.0,0.0,0.0,0.0,0.0,0.0,0.0,0.0,0.0,0.0,0.0,0.0,0.0,0.0,0.0,0.0,0.0,0.0,0.0,0.0,0.0,0.0,0.0,0.0,0.0,,0.0,0.0,,0.0,0.0,0.0,0.0,0.0,0.0,0.0,0.0,0.0,0.0,0.0,0.0,0.0,0.0,0.0,0.0,0.0,0.0,0.0,0.0,0.0,0.0,0.0,0.0,0.0,0.0,0.0,0.0,0.0,0.0,0.0,0.0,0.0,0.0,0.0,0.0,0.0,0.0,0.0,0.0,0.0,0.0,0.0,0.0,0.0,0.0,0.0,0.0,0.0,0.0,0.0,0.0,0.0,0.0,0.0,0.0,0.0,0.0,0.0,0.0,0.0,0.0,0.0,0.0,0.0,0.0,0.0,0.0,0.0,0.0,0.0,0.0,0.0,0.0,0.0,,0.0
2022-10-10 07:00:00,14.64233,,0.9495834,1.222104,0.0,1.035458,1.261354,1.528521,1.107708,0.896021,1.524854,0.0,1.271625,0.8415834,1.687958,0.8402084,0.8628333,1.405813,0.7822084,1.318146,0.5587083,0.8268542,0.8363333,0.7452083,1.1065,0.8276875,0.9345832,0.8787501,0.807604,0.8813125,0.7184168,0.6783958,0.8759793,0.6651876,0.8547916,0.6536458,0.6528541,0.7750416,0.0,0.6910208,0.8533957,0.7099584,0.8801249,0.914479,1.160687,1.244521,0.6321666,1.434792,0.6113959,1.113187,0.7130625,1.079687,0.8412708,0.7984167,1.772313,1.398687,0.9298541,1.759458,0.9385,0.9434375,1.042583,1.266833,1.612354,1.675292,1.5085,1.227167,1.677437,0.0,1.79625,1.276646,1.485542,1.40375,1.323229,1.517896,1.062167,2.810667,2.611042,2.307188,2.431334,2.326125,2.513542,2.394313,2.862354,2.621,2.454292,2.091959,2.513021,2.236333,,2.292146,2.674917,,2.259354,2.108771,2.277875,2.232188,2.477479,1.452417,2.131604,1.960625,2.328625,2.132812,2.48975,2.056292,2.591959,2.061917,2.383604,2.169563,2.131125,1.528667,2.168396,1.143646,2.2375,1.342271,2.035313,1.505688,1.901208,2.044104,2.109042,1.828917,2.300729,2.051229,2.001729,1.6335,1.635,1.674729,1.747792,1.724062,1.832541,1.929729,1.673958,1.705104,2.394042,1.646354,2.198542,1.613083,1.641917,1.774208,1.774646,1.301375,1.658979,1.500396,1.590146,1.506354,1.675208,1.29125,1.920229,1.470438,1.565083,1.701938,1.928292,1.718708,1.691938,1.439708,1.872062,1.469021,1.834063,1.658125,1.676458,1.593542,1.499708,1.396021,1.755917,1.503458,1.686083,1.585417,1.261687,,248.04533680000003
2022-10-10 08:00:00,233.7586,,16.45054,18.74269,20.850672187500003,19.77683,19.86267,19.81313,19.58381,18.29017,20.50044,20.850672187500003,20.23269,15.75896,20.13631,13.303,11.71025,18.40129,12.55302,19.81763,11.05167,17.03963,11.53631,9.686062,19.11654,8.282583,17.59352,7.144876,8.08473,17.89154,7.628374,7.337896,18.03181,9.008833,16.81631,8.779916,14.38556,10.00479,20.850672187500003,12.14033,13.90317,13.24881,14.56521,12.40661,10.70215,18.65381,8.541229,15.84873,7.112167,8.804688,14.75644,9.45125,11.38604,14.5805,15.6189,15.90233,12.44254,17.51479,12.68935,16.5514,13.25229,14.18571,17.34289,17.94975,16.63054,18.25513,16.6934,20.850672187500003,16.78062,19.36706,19.45371,14.22014,18.73789,15.63187,17.47635,21.01233,21.01248,20.62873,20.85279,20.55609,21.05365,20.80264,21.41248,21.1949,20.92173,20.5606,20.78517,20.57137,,20.3395,20.96462,,20.54217,20.36369,20.58194,20.72785,21.02727,19.99794,20.55754,20.21494,20.60308,19.95412,20.79894,20.45983,21.01888,20.52419,20.93165,20.83962,20.59871,20.06175,20.77262,19.70817,20.74425,20.03129,20.68042,20.18125,19.17775,20.34512,20.70425,20.33056,20.79096,20.38606,20.63075,19.96698,20.05996,19.34183,15.97558,19.50831,20.48027,20.41681,20.12556,19.82702,21.08719,20.139,20.58787,19.62352,20.37285,20.65064,20.77412,19.72783,20.45317,20.02469,20.14394,20.09568,20.48696,19.56329,20.46721,18.67579,20.09204,20.27304,20.15352,19.8459,21.11971,20.46304,20.90629,19.06225,19.55288,20.57084,20.58492,20.5306,20.22006,19.86823,20.42229,19.99339,20.371,20.24421,18.59375,20.850672187500003,2928.95553275
2022-10-10 09:00:00,523.8407,,40.21207,39.72862,40.31639781249999,39.68027,39.4916,39.31464,39.45521,38.65517,40.14354,40.31639781249999,40.12135,36.16785,39.57854,33.13994,32.42244,36.66288,32.31577,39.68173,35.08765,36.06485,32.24987,29.56981,38.96502,27.82616,38.82477,31.2916,29.36584,39.01844,28.11939,27.14504,38.98975,27.62242,38.27975,27.71683,33.30339,28.395,40.31639781249999,31.12086,29.98861,35.75138,31.57771,31.46989,28.91039,38.448,27.91548,33.10577,29.76904,29.09275,32.55288,27.92533,34.65839,35.75062,32.30415,33.9724,31.25114,34.34116,31.24738,33.90125,32.83417,37.3225,33.69225,38.89714,33.75817,39.18931,33.47679,40.31639781249999,33.69316,39.89887,39.73052,29.59346,38.53981,32.20966,37.37346,40.50369,40.49546,40.12152,40.31273,40.04332,40.60181,40.4245,41.02038,40.80377,40.66125,39.65148,40.3829,39.98354,,39.76854,40.36633,,39.60369,39.57713,39.86169,40.02155,40.35767,39.59652,39.92308,39.36016,39.84152,39.138,39.97665,39.77606,40.37377,39.98713,40.55979,40.38438,39.92652,39.56092,40.05423,39.41832,40.00606,39.59184,40.04927,39.75154,37.17681,39.2669,40.05931,39.64004,39.94723,39.67667,39.9466,39.26883,39.54998,38.51673,39.77864,38.76846,40.07912,39.79763,40.02473,39.55483,40.1885,39.54102,39.72673,38.66217,39.91013,40.05144,40.48615,39.24127,39.98242,39.42336,39.49327,39.56556,40.05217,39.09758,39.66211,36.74525,39.58741,39.64169,38.94664,39.11856,40.81537,39.97552,40.28402,37.17696,37.58521,39.98219,40.03019,40.06,39.65413,39.20352,39.60604,39.20375,39.79129,39.41471,36.70139,40.31639781249999,6102.6355812500005
2022-10-10 10:00:00,739.9114,,54.10062,53.40266,53.706958125,53.48637,53.22804,52.79763,53.26142,52.46173,53.75396,53.706958125,53.91685,52.34989,53.09521,51.60894,48.19917,49.42348,40.05742,53.67502,52.36442,49.16565,50.50315,45.83877,52.9009,49.47867,52.892,51.43746,48.03859,53.09544,46.63018,43.78717,53.01998,44.40662,52.19108,45.17381,45.571,44.16829,53.706958125,47.40733,40.96681,50.40869,43.63311,49.18054,45.9454,52.51127,48.74902,44.95713,48.19563,44.855,44.43793,45.57764,50.53621,49.37433,44.0844,51.60342,46.12843,46.08208,39.94413,45.78881,46.51796,51.43879,45.17323,51.88717,45.41579,52.63056,45.12767,53.706958125,45.61804,53.83588,53.58423,40.57844,51.98302,43.92698,52.76523,53.67779,53.72373,53.20742,53.41063,53.41806,53.86158,53.91291,54.40369,54.30294,54.14798,53.29708,53.69502,53.23812,,53.05064,53.49427,,52.57094,52.76054,52.96791,53.25958,53.38538,52.93167,52.99141,52.46796,52.8306,52.32896,52.90048,52.97423,53.42875,53.33504,54.07536,53.68175,53.10229,52.92498,53.21758,52.8476,53.21033,52.97775,53.30831,53.12552,49.42679,52.22562,53.24454,52.87617,52.9831,52.85737,53.11002,52.49477,52.84063,51.75075,53.50698,52.08498,53.39577,53.14196,53.34804,52.88846,53.05008,52.88308,52.82806,51.97334,53.3294,53.29823,53.96942,52.71186,53.3759,52.69365,52.61185,52.97179,53.33733,52.40752,52.793,49.16488,52.90777,52.91766,44.68529,52.27767,54.20881,53.2884,53.41158,49.4743,49.83177,53.41754,53.45156,53.50967,53.02527,52.58602,52.77893,52.20427,53.09781,52.61423,49.25819,53.706958125,8338.128582500001
2022-10-10 11:00:00,895.4591,,60.95127,60.58868,60.72539875000002,61.05042,60.61975,59.57673,60.6134,57.29279,60.7405,60.72539875000002,60.63275,60.46991,59.79931,60.23763,59.84119,57.09718,44.09946,60.97243,60.57409,57.25467,60.54823,60.3643,60.51379,60.29046,60.69387,60.40754,59.66977,60.72265,59.702,57.57456,61.04546,56.52985,60.24186,57.82217,53.07933,56.86636,60.72539875000002,56.63464,47.78006,59.35939,51.13921,58.41613,56.91886,60.40042,59.9424,52.12052,59.42708,57.82856,51.53511,58.67656,58.78854,57.6652,51.35177,60.01281,59.561,53.11119,41.66446,52.68006,58.56394,59.51975,51.99806,59.09921,48.73896,60.31913,52.16606,60.72539875000002,52.92858,60.96198,60.78444,47.44027,60.00515,51.17569,60.46217,59.89837,60.73052,60.3699,60.37798,60.43827,60.62035,60.69604,61.11448,59.99923,60.74258,60.4896,60.58736,60.45765,,59.6596,60.43131,,59.87052,60.12735,60.17706,60.51952,59.11391,60.31831,60.41527,59.84309,60.1429,59.83531,60.17217,60.30898,60.64894,60.45435,60.86111,60.56059,60.33512,60.60473,60.34517,60.35913,60.35044,60.39437,60.44121,60.58269,56.52517,59.73496,60.21948,60.20075,59.15854,60.23931,60.31421,60.11885,60.26294,59.62671,44.18763,59.99431,60.58308,60.51123,60.35781,60.41592,59.66687,60.27056,59.9784,59.31529,60.58317,60.46644,60.81498,60.4005,60.53358,60.21915,60.18542,60.58438,60.546,60.02204,59.55175,56.60821,60.35081,60.32687,33.26448,59.42936,60.75575,60.56302,60.42292,56.74683,57.07117,59.87092,60.58683,60.45204,60.46581,60.12996,60.1492,59.86208,60.60106,60.18267,56.82692,60.72539875000002,9564.215135000002
2022-10-10 12:00:00,994.0846,,61.31029,61.12369,61.5078709375,62.01454,61.30531,59.96844,61.2145,58.75375,61.12731,61.5078709375,60.90963,61.48321,60.1505,61.34311,61.10562,59.44056,46.32698,61.44983,61.35354,59.77619,61.26798,61.32296,61.15185,61.39067,61.38098,61.43169,61.47044,61.31377,61.28365,61.25639,61.99,60.74677,61.29942,61.40677,55.99475,61.20604,61.5078709375,60.6805,50.49019,61.38335,54.41914,61.2774,59.95046,61.31529,61.5849,54.93802,61.83673,60.14658,54.72721,60.08915,61.5551,60.8186,54.53521,61.46983,61.44102,55.72398,46.2496,55.45864,61.41229,61.22644,54.20542,60.02658,45.70331,61.4421,55.01704,61.5078709375,55.78511,61.43302,61.30608,50.32752,61.52356,54.23442,61.22609,60.16354,61.37915,61.2057,61.00385,60.98258,61.05317,61.10631,61.50283,60.07567,61.04779,61.15371,61.10565,61.20063,,60.08506,61.02533,,60.9814,61.07256,61.06731,61.30615,59.17017,61.19711,61.608,60.83252,61.13246,60.88627,61.20488,61.21606,61.51992,61.11079,61.22625,61.08848,61.19998,61.64262,61.13369,61.3641,61.16142,61.23631,61.19996,61.46936,58.96241,60.97958,60.8876,61.06187,59.38581,61.2311,61.15588,61.24511,61.28119,61.08998,45.83112,61.2181,61.39252,61.2496,61.00075,61.32694,60.17144,61.08646,60.76862,60.08364,61.23327,61.06796,61.18029,61.36717,61.1016,61.17138,61.38819,61.58796,61.27375,61.14844,60.02677,59.55038,61.36235,61.21027,32.39244,60.14333,61.00873,61.25023,60.95571,58.89714,59.44793,60.09223,61.12236,60.889,61.29868,61.06119,60.99362,61.14881,61.56767,61.22467,59.84706,61.5078709375,9767.60153375
2022-10-10 13:00:00,996.9754,,61.31073,61.12413,61.585361250000005,62.01554,61.31056,59.97542,61.22842,54.3924,61.13609,61.585361250000005,60.91448,61.5005,60.15175,61.37158,61.11448,59.02294,46.1869,61.45261,61.39391,59.41516,61.28411,61.33625,61.16225,61.41392,61.39093,61.43346,61.49931,61.32831,61.30687,61.23148,61.99921,60.82131,61.30923,61.36794,55.77216,61.20475,61.585361250000005,60.4801,50.10258,61.40319,54.26044,61.2216,59.94469,61.3364,61.60877,54.73235,61.81002,60.14861,54.46998,60.09219,61.47775,60.78221,54.19306,61.4739,61.46767,55.33446,46.01075,54.90802,61.43154,61.22825,53.81261,60.03348,45.34931,61.45225,54.61706,61.585361250000005,55.44208,61.44992,61.3075,50.08331,61.5444,53.93475,61.24127,60.16769,61.38359,61.23552,61.00806,60.48798,61.0591,60.56777,61.50469,60.07727,60.48162,61.17094,61.12562,60.65952,,60.09125,61.02338,,60.98235,61.08585,61.07377,61.30927,59.17139,61.20527,61.20475,60.84598,61.14465,60.4109,61.18652,60.70171,61.12858,61.10933,61.22846,60.61719,60.68781,61.66385,61.12312,60.61327,61.16959,61.25875,60.67173,61.49623,57.79971,60.69,60.34429,61.08254,59.39277,61.24477,61.15723,61.19725,61.28825,60.50346,44.77104,61.21191,60.8784,61.24565,61.01189,61.33644,60.17398,60.55154,60.22144,60.08602,64.40324,61.09727,61.17946,61.38306,61.12101,61.18254,61.01602,59.02161,60.4944,60.62673,60.03011,58.41479,61.07421,61.22808,31.74641,60.15046,61.00686,61.24694,60.96148,58.3979,58.78723,60.09304,61.13981,60.88763,61.32357,61.07194,60.99779,61.11825,61.60118,61.23133,59.38369,61.585361250000005,9742.147945
2022-10-10 14:00:00,886.7315,,58.97846,58.1145,58.77701187499999,58.27588,58.26404,57.50938,58.35386,51.6184,58.4375,58.77701187499999,58.6386,58.92062,57.82492,58.69671,58.32106,54.38317,42.81648,59.09029,59.57144,55.03342,59.60725,59.63073,58.67898,59.57061,58.99332,59.62385,59.15025,59.01983,58.89838,56.89698,58.82156,55.91383,58.32877,57.16837,51.30467,56.14556,58.77701187499999,54.82488,45.92302,57.85054,49.42691,56.5514,55.02627,58.27273,57.86373,50.05721,57.25808,56.20316,49.75302,57.43194,56.314,55.43667,48.86971,57.89579,57.1544,50.40892,42.38406,50.10261,57.46125,57.10859,49.46296,56.63464,41.58466,57.80269,49.87367,58.77701187499999,50.90248,59.13521,58.92996,46.34219,57.68998,49.42189,58.64654,57.41456,57.59912,57.46079,57.56842,57.76289,57.9935,58.22364,58.57098,58.02216,58.274,57.714,57.96496,57.52369,,57.12983,57.65363,,56.80106,57.11589,57.3119,57.63531,56.92371,57.42027,57.18906,56.78802,57.0304,56.68565,56.99317,57.26627,57.46821,57.69236,58.3661,57.91612,57.46744,57.50063,57.44278,57.41188,57.51652,57.54023,57.62902,57.64504,53.362,56.48838,57.43515,57.29475,56.86685,57.1311,57.28812,56.92608,57.25792,56.40783,41.26723,57.06858,57.70496,57.67621,57.64475,57.52458,57.03167,57.43233,57.09723,56.36885,57.87575,57.77156,58.24171,57.46714,57.88461,57.17083,57.05469,57.65354,57.65596,56.99075,56.84084,53.51819,57.32071,57.33316,28.872,56.43994,58.33152,57.69775,57.59477,53.47115,53.7925,57.6209,57.94383,57.87531,57.64704,57.23644,57.25358,56.70048,57.68567,56.98802,53.61646,58.77701187499999,9166.1700575
2022-10-10 15:00:00,694.3529,,46.948,46.07746,47.01646593749999,46.38541,46.24327,45.94875,46.43977,44.34123,46.55075,47.01646593749999,46.93769,47.29608,46.38789,46.9994,46.75046,43.18816,34.26798,47.25454,48.28313,43.74937,48.48073,48.4746,46.92296,48.41835,47.24139,48.48948,47.46392,47.22398,47.2701,45.23988,46.97361,44.20952,46.45667,45.11583,40.76102,44.23906,47.01646593749999,43.2435,36.37538,45.55475,39.08562,44.44748,43.09075,46.27875,45.38106,39.69515,45.03398,44.14385,39.35989,45.46835,44.21952,43.2444,38.406,45.40623,44.80146,39.79275,33.37083,39.42604,45.31896,44.91388,39.19275,44.71342,33.01062,45.612,39.72015,47.01646593749999,40.67971,46.99373,46.81756,37.22229,45.47583,39.67812,46.47721,45.92579,45.5239,45.50619,45.55956,45.65742,45.88964,46.11098,46.54111,46.33046,46.28125,45.608,45.96981,45.44185,,45.3984,45.64617,,44.90192,45.06508,45.37771,45.5621,45.45135,45.41146,45.29348,44.8215,45.08215,44.65204,45.1141,45.26371,45.54052,45.58692,46.25665,45.9826,45.55716,45.59537,45.48294,45.43068,45.55733,45.60258,45.60967,45.63665,42.26417,44.66459,45.44898,45.29639,45.32277,45.13129,45.52152,45.05781,45.47364,44.53533,32.80242,44.97017,45.86956,45.69146,45.76517,45.66265,45.53942,45.56771,45.2659,44.59038,45.87783,45.87548,46.36646,45.37466,45.99794,45.30291,45.366,45.72277,45.81825,45.11179,45.27248,42.33971,45.53062,45.28852,22.96275,44.91488,46.53482,45.83329,45.81665,42.40354,42.76838,45.77802,45.9646,45.88917,45.67096,45.19348,45.40333,44.89521,45.81615,45.12613,42.35381,47.01646593749999,7278.98639375
2022-10-10 16:00:00,462.3004,,30.64414,30.00956,30.95063625,30.28661,30.18358,30.04685,30.33419,30.44342,30.39846,30.95063625,30.63754,31.28416,30.38629,30.97161,30.92225,28.21158,22.68225,30.96496,32.06448,28.75556,32.3305,32.37381,30.85496,32.45538,31.16014,32.48837,31.63516,31.03896,31.47744,29.95956,30.82292,28.99046,30.56921,29.5876,26.81512,28.60777,30.95063625,27.90987,23.783,29.77689,25.53546,28.9475,28.01992,30.09496,29.58075,26.08112,29.26794,28.4474,25.67056,29.5395,28.69433,27.75864,24.96331,29.46387,29.14938,25.86058,21.88452,25.56742,29.72733,29.39421,25.50031,29.35458,24.56935,29.93327,26.0269,30.95063625,26.78035,30.87875,30.82693,24.72916,30.14061,26.18115,30.768,30.04358,29.52187,29.67998,29.6554,29.71579,29.84241,30.03602,30.40071,30.15806,30.0959,29.72419,29.98002,29.5729,,29.56381,29.73763,,29.1966,29.31613,29.54515,29.73684,29.5344,29.58025,29.49304,29.15179,29.30558,29.0266,29.40631,29.53673,29.71411,29.67881,30.15173,29.98533,29.69398,29.78719,29.63277,29.60508,29.71696,29.76513,29.65966,29.73896,27.55208,29.12242,29.5719,29.49706,29.54571,29.354,29.64752,29.40821,29.59261,29.01906,21.47215,29.30946,29.93221,29.82329,29.8175,29.85031,29.83717,29.7594,29.48477,29.10745,29.95658,29.86067,30.16631,29.4805,29.91933,29.49098,29.5641,29.87867,29.81573,29.32777,29.47417,27.57759,29.6104,29.45894,15.31896,29.32759,30.34133,29.99006,29.85488,27.66321,27.90094,29.75402,29.86619,29.89786,29.64963,29.33038,29.5286,29.31225,29.86079,29.35375,27.49862,30.95063625,4761.427695
2022-10-10 17:00:00,207.0859,,12.32502,12.03704,12.712114687500002,12.20848,12.20806,12.21783,12.28781,12.44415,12.32408,12.712114687500002,12.34469,12.99115,12.41571,12.81417,12.77213,11.4175,9.436271,12.62617,13.34846,11.7365,13.54821,13.54521,12.61048,13.7134,12.8269,13.81285,13.3079,12.74085,13.15104,12.43344,12.63677,11.99035,12.57954,12.2134,11.01648,11.71956,12.712114687500002,11.34185,9.595022,12.15381,10.37631,11.80046,11.49442,12.21779,12.05306,10.73623,11.79113,11.37898,10.37652,12.02656,11.62402,11.14186,10.0915,11.98858,11.69827,10.40031,8.949084,10.28619,12.11625,11.93667,10.26538,11.99654,10.58769,12.14237,10.58169,12.712114687500002,11.05106,12.52867,12.5319,10.2534,12.34329,10.7436,12.5781,12.16215,11.84898,11.93656,11.84956,11.90194,11.91885,12.09283,12.32925,12.22731,12.00535,11.93533,12.03935,11.86542,,11.87456,11.86206,,11.62898,11.77402,11.84302,12.06611,11.75106,11.89396,11.84989,11.6459,11.69729,11.61529,11.79988,11.91531,11.96287,11.89485,12.14223,11.98908,11.87746,12.04856,11.8125,11.83731,11.91985,11.99287,11.821,11.97656,11.03192,11.7009,11.77013,11.81808,11.84948,11.75721,11.84769,11.774,11.76242,11.557,9.536354,11.69383,11.97598,11.96431,11.80688,12.074,12.04508,11.923,11.68981,11.68819,12.12565,11.9206,12.06131,11.81502,11.94848,11.8341,11.82786,11.99071,11.90183,11.72027,11.78679,11.0795,11.79696,11.81052,6.564521,11.75556,12.16823,12.11666,11.96804,11.14477,11.24944,11.94431,11.89406,12.00033,11.79058,11.65929,11.72352,11.74706,12.049,11.74046,11.04033,12.712114687500002,1927.87600075
2022-10-10 18:00:00,15.93433,,1.035146,1.005688,0.0,1.035313,1.0625,1.108271,1.055,1.0675,1.077687,0.0,0.9863126,1.188604,1.144521,1.107062,1.078042,0.9430625,0.9284792,1.107896,1.153479,0.9874792,1.20475,1.156625,1.051646,1.258333,1.104708,1.346146,1.237292,1.071667,1.122313,1.037167,1.0705,1.045458,1.070083,1.111917,0.9052708,1.057771,0.0,0.9948959,0.7680624,1.005021,0.8487917,1.026396,1.108396,0.9873958,1.043604,1.001229,0.9731041,1.101437,0.8271875,1.168417,1.018187,0.9189167,1.045437,1.081563,0.9626667,0.8384374,0.8348749,0.9022916,1.061271,1.023604,0.8092083,1.200604,0.9570417,1.033813,0.8687708,0.0,1.029208,1.055646,1.052417,0.8732709,1.079833,0.8760833,1.048625,1.06575,1.03525,0.9074168,0.8748958,0.914,0.8928334,0.9891041,1.094437,1.145396,0.8935418,0.969146,0.9599167,0.9612707,,0.9821874,0.8955625,,0.8187292,0.9166875,0.8728333,1.060121,0.8048334,0.9096249,0.9108958,0.8709375,0.852875,0.9123334,0.9111251,0.9902291,0.9363751,0.9279791,1.010437,0.8500416,0.8494791,0.9801875,0.8194584,0.8596459,0.9131667,0.9182707,0.8294792,0.9457709,0.8193541,0.9072292,0.8108751,0.8754376,0.8967083,0.8812084,0.8752292,0.9427292,0.7884793,0.9091249,0.9730209,0.9148541,0.8319584,0.9197499,0.737375,0.9834167,0.9868959,0.86575,0.7639999,0.9389793,0.98575,0.9002499,0.9276874,0.9492708,0.9000418,0.9638542,0.8801458,1.033813,0.8699584,0.9180209,0.8811042,0.8847916,0.8364584,0.9349584,0.7752709,1.029271,0.9568542,1.036958,0.9371042,0.9569374,1.013464,1.02475,0.9408542,0.9911042,0.8951876,0.9045832,0.8684792,0.9920626,1.060042,0.9529584,0.934875,,154.36085789999998
2022-10-10 19:00:00,0.0,,,,,,,,,,,,,,,,,,,,,,,,,,,,,,,,,,,,,,,,,,,,,,,,,,,,,,0.09204844,,,,,,,,,0.09792387,,,,,,,,,,,,,,,,,,,,,,0.0,,,,,,,,,,,,,,,,,,,,,,,,,,,,,,,,,,,,,,,,,,,,,,,,,,,,,,,,,,,,,,,,,0.0959654,,,,,,,,,,,,,,,,,,0.28593771
2022-10-10 20:00:00,0.0,,,,,,,,,,,,,,,,,,,,,,,,,,,,,,,,,,,,,,,,,,,,,,,,,,,,,,,,,,,,,,,,,,,,,,,,,,,,,,,,,,,,,,,,,,,,,,,,,,,,,,,,,,,,,,,,,,,,,,,,,,,,,,,,,,,,,,,,,,,,,,,,,,,,,,,,,,,,,,,,,,,,,,,,0.0
2022-10-10 21:00:00,0.0,,,,,,,,,,,,,,,,,,,,,,,,,,,,,,,,,,,,,,,,,,,,,,,,,,,,,,,,,,,,,,,,,,,,,,,,,,,,,,,,,,,,,,,,,,,,,,,,,,,,,,,,,,,,,,,,,,,,,,,,,,,,,,,,,,,,,,,,,,,,,,,,,,,,,,,,,,,,,,,,,,,,,,,,0.0
2022-10-10 22:00:00,0.0,,,,,,,,,,,,,,,,,,,,,,,,,,,,,,,,,,,,,,,,,,,,,,,,,,,,,,,,,,,,,,,,,,,,,,,,,,,,,,,,,,,,,,,,,,,,,,,,,,,,,,,,,,,,,,,,,,,,,,,,,,,,,,,,,,,,,,,,,,,,,,,,,,,,,,,,,,,,,,,,,,,,,,,,0.0
2022-10-10 23:00:00,0.0,,,,,,,,,,,,,,,,,,,,,,,,,,,,,,,,,,,,,,,,,,,,,,,,,,,,,,,,,,,,,,,,,,,,,,,,,,,,,,,,,,,,,,,,,,,,,,,,,,,,,,,,,,,,,,,,,,,,,,,,,,,,,,,,,,,,,,,,,,,,,,,,,,,,,,,,,,,,,,,,,,,,,,,,0.0
2022-10-11 00:00:00,0.0,,,,,,,,,,,,,,,,,,,,,,,,,,,,,,,,,,,,,,,,,,,,,,,,,,,,,,,,,,,,,,,,,,,,,,,,,,,,,,,,,,,,,,,,,,,,,,,,,,,,,,,,,,,,,,,,,,,,,,,,,,,,,,,,,,,,,,,,,,,,,,,,,,,,,,,,,,,,,,,,,,,,,,,,0.0
2022-10-11 01:00:00,0.0,,,,,,,,,,,,,,,,,,,,,,,,,,,,,,,,,,,,,,,,,,,,,,,,,,,,,,,,,,,,,,,,,,,,,,,,,,,,,,,,,,,,,,,,,,,,,,,,,,,,,,,,,,,,,,,,,,,,,,,,,,,,,,,,,,,,,,,,,,,,,,,,,,,,,,,,,,,,,,,,,,,,,,,,0.0
2022-10-11 02:00:00,0.0,,,,,,,,,,,,,,,,,,,,,,,,,,,,,,,,,,,,,,,,,,,,,,,,,,,,,,,,,,,,,,,,,,,,,,,,,,,,,,,,,,,,,,,,,,,,,,,,,,,,,,,,,,,,,,,,,,,,,,,,,,,,,,,,,,,,,,,,,,,,,,,,,,,,,,,,,,,,,,,,,,,,,,,,0.0
2022-10-11 03:00:00,0.0,,,,,,,,,,,,,,,,,,,,,,,,,,,,,,,,,,,,,,,,,,,,,,,,,,,,,,,,,,,,,,,,,,,,,,,,,,,,,,,,,,,,,,,,,,,,,,,,,,,,,,,,,,,,,,,,,,,,,,,,,,,,,,,,,,,,,,,,,,,,,,,,,,,,,,,,,,,,,,,,,,,,,,,,0.0
2022-10-11 04:00:00,0.0,,,,,,,,,,,,,,,,,,,,,,,,,,,,,,,,,,,,,,,,,,,,,,,,,,,,,,,,,,,,,,,,,,,,,,,,,,,,,,,,,,,,,,,,,,,,,,,,,,,,,,,,,,,,,,,,,,,,,,,,,,,,,,,,,,,,,,,,,,,,,,,,,,,,,,,,,,,,,,,,,,,,,,,,0.0
2022-10-11 05:00:00,0.0,,,,,,,,,,,,,,,,,,,,,,,,,,,,,,,,,,,,,,,,,,,,,,,,,,,,,,,,,,,,,,,,,,,,,,,,,,,,,,,,,,,,,,,,,,,,,,,,,,,,,,,,,,,,,,,,,,,,,,,,,,,,,,,,,,,,,,,,,,,,,,,,,,,,,,,,,,,,,,,,,,,,,,,,0.0
2022-10-11 06:00:00,0.0,,,,,0.0,,,,,,,,,,,,,,0.0,,,,,,,,,,,,,,,,,,,,,,,,,,,,,,,,,0.0,,,,,,,,,0.0,,,,,,0.0,,,,,0.0,,,,,0.0,,0.0,,,,,,,,,,,,,,,,,0.0,,,,0.0,0.0,,,,,0.0,0.0,,,0.0,,,,,,,,,,,,,0.0,,,,,,,,,0.0,,,,,,,,,0.0,,,,,,,,,,,,,,0.0,,,,,,0.0,,,,,,,0.0
2022-10-11 07:00:00,16.51134,,1.145521,1.315146,0.0,1.000562,1.234917,1.491896,1.128042,1.099479,1.448146,0.0,1.28075,1.007271,1.571583,0.9542083,1.028375,1.292521,0.984229,1.311708,0.7589793,0.9831876,1.01425,0.9156042,1.150479,1.007021,1.097667,1.065542,0.9781876,1.089979,0.9162292,0.8543332,1.083167,0.829625,1.028458,0.8456875,0.8126041,0.9257084,0.0,0.8571666,0.8275625,0.8825418,0.9136874,1.040604,1.249625,1.203687,0.8480833,1.460146,0.8073334,1.280521,0.8523123,1.222,0.9802293,0.8866041,1.665708,1.397625,1.0105,1.602458,1.113021,1.067812,1.185063,1.297646,1.620583,1.724146,1.499438,1.301688,1.581146,0.0,1.757292,1.316396,1.479646,1.303583,1.418333,1.473479,1.209896,2.529771,2.338792,2.038292,2.161396,2.122396,2.234729,2.175458,2.50675,2.468333,2.197042,1.967604,2.258333,2.029833,,2.058521,2.394083,,1.900208,1.775875,1.910854,1.942937,2.114542,1.406,1.852917,1.755354,2.026834,1.868042,2.174292,1.901021,2.275208,1.872562,2.116875,1.867271,1.835229,1.49625,1.863583,1.153021,1.959167,1.280604,1.802229,1.406292,1.651,1.799812,1.835729,1.595021,1.962458,1.723979,1.667271,1.446813,1.370104,1.473437,1.614437,1.508646,1.535187,1.662208,1.450146,1.546125,2.050958,1.515792,1.85975,1.561021,1.542333,1.539625,1.531813,1.192833,1.424479,1.368,1.378396,1.367792,1.450854,1.174646,1.652687,1.291417,1.318604,1.433021,1.283812,1.467021,1.520458,1.356187,1.674521,1.351083,1.629146,1.529896,1.468312,1.474104,1.307917,1.321167,1.517208,1.348875,1.445146,1.425917,1.135896,,233.78018609999998
2022-10-11 08:00:00,216.0426,,15.77573,17.5911,19.125424062500002,18.10177,18.26892,18.29575,18.0365,17.17071,18.82206,19.125424062500002,18.60408,14.87817,18.53048,12.7065,11.39106,16.97721,12.26719,18.31663,10.90212,15.99286,11.53948,9.728936,17.70319,8.529542,16.82602,7.498603,8.341584,17.03433,7.868042,7.449293,17.12208,8.784749,16.32542,8.690355,13.99481,9.543416,19.125424062500002,11.50269,13.00942,12.70117,13.78152,11.96619,10.58671,17.38202,8.87002,15.12842,7.366458,8.91421,14.17152,9.732062,11.12506,13.47208,14.60775,15.07685,11.97356,16.28919,12.57175,15.5869,12.807,13.44588,16.39977,16.81985,15.62208,17.25686,15.58142,19.125424062500002,15.72123,18.27265,18.336,13.35563,17.68381,14.72102,16.71737,19.3596,19.36502,18.85427,19.08667,18.94025,19.26927,19.14906,19.61469,19.62348,19.13927,18.92194,19.05167,18.91446,,18.70954,19.17625,,18.79367,18.75181,18.83158,19.08577,19.24398,18.46379,18.75017,18.64335,18.84202,18.41325,18.9984,18.8049,19.18121,18.93156,19.2909,19.1039,18.87419,18.56925,19.00277,18.28004,19.08956,18.45346,18.93488,18.65175,17.503,18.81729,18.9725,18.74216,19.01831,18.84687,18.9185,18.39358,18.33913,17.82693,18.71977,18.02,18.67839,18.835,18.46681,18.38392,19.31681,18.65752,18.93148,18.14621,18.83283,18.90023,19.03137,18.17279,18.75331,18.46823,18.401,18.49233,18.78856,18.09913,18.75335,17.28023,18.34558,18.60007,13.88131,18.32196,19.30369,18.82235,19.14612,17.47906,17.89929,18.87811,18.80644,18.85152,18.50596,18.34673,18.71271,18.30058,18.64567,18.6705,17.1385,19.125424062500002,2723.9917962500003
2022-10-11 09:00:00,522.7457,,40.78656,40.256,41.040467500000005,40.19823,40.09412,39.94544,40.0244,39.22364,40.71827,41.040467500000005,40.72727,36.73598,40.1614,33.53344,32.71606,37.20031,32.7015,40.30465,35.33794,36.6386,32.60534,29.89027,39.56125,27.96017,39.39525,31.47879,29.67154,39.66941,28.22194,27.135,39.68221,27.61687,38.94685,27.55992,33.93832,28.60661,41.040467500000005,31.29835,30.56465,36.34177,32.17777,31.91281,29.33212,39.23773,28.15331,33.70727,29.94008,29.49071,33.25433,28.18202,34.37248,36.35458,32.80288,34.42537,31.66296,35.0995,31.79804,34.6375,33.39329,37.32769,34.41209,39.67377,34.47852,39.92725,34.16152,41.040467500000005,34.4381,40.69252,40.47727,30.23842,39.29296,32.85965,38.01286,41.25071,41.25883,40.82283,41.07977,40.83289,41.40294,41.19277,41.77087,41.63452,41.43486,40.3855,41.15006,40.7675,,40.57015,41.15554,,40.32143,40.3299,40.57154,40.71535,41.13736,40.35981,40.64858,40.11211,40.58381,39.85614,40.72384,40.53952,41.15017,40.79475,41.33363,41.09742,40.59573,40.2255,40.76614,40.09832,40.70232,40.25754,40.67611,40.45346,37.83879,39.96902,40.76704,40.35577,40.66116,40.45671,40.62465,39.93792,40.27035,39.1055,40.94783,39.37283,40.73114,40.41104,40.73177,40.21883,40.90081,40.2059,40.43016,39.27654,40.60848,40.69527,41.14339,39.78796,40.63819,40.04335,40.13754,40.21148,40.75764,39.71621,40.32352,37.35368,40.26406,40.27723,40.54525,39.7251,41.42577,40.53483,40.90007,37.70488,38.15118,40.59829,40.62809,40.6816,40.25042,39.81823,40.24181,39.77852,40.35733,39.98308,37.20335,41.040467500000005,6201.99734
2022-10-11 10:00:00,754.9605,,55.50892,54.73066,55.0731403125,54.76609,54.62339,54.10958,54.60879,53.07552,55.11321,55.0731403125,55.24333,53.69733,54.41317,53.08638,49.78106,50.61744,39.95527,54.99827,53.6316,50.43633,51.90009,46.6964,54.21002,50.51971,54.20525,52.83419,49.18629,54.45798,47.94213,45.09498,54.36581,45.19308,53.52933,46.27877,46.77446,45.14127,55.0731403125,48.48848,42.01979,51.77979,44.83879,50.68835,47.07131,53.922,49.61581,46.09309,49.592,45.75527,45.53952,46.45625,51.8266,50.65317,45.05056,53.02765,47.62777,47.18081,49.0169,46.89883,47.53894,52.80732,46.23785,53.22071,46.50504,53.91075,46.16092,55.0731403125,46.71315,55.13771,54.84196,41.63308,53.24248,44.97662,53.99744,54.90107,55.05196,54.498,54.77623,54.81206,55.24869,55.24434,55.70308,55.67154,55.48864,54.6615,55.00746,54.58231,,54.35564,54.80373,,53.87396,54.10656,54.26513,54.58,54.78144,54.2695,54.32275,53.79404,54.17104,53.6235,54.22031,54.28719,54.80181,54.70206,55.493,55.03221,54.42129,54.27529,54.55323,54.1975,54.55238,54.33206,54.5653,54.47723,50.64992,53.57185,54.58789,54.21554,54.26504,54.26954,54.45913,53.92442,54.22677,53.12925,54.87096,53.44502,54.70633,54.49598,54.72027,54.30065,54.3774,54.31111,54.1549,53.33421,54.74773,54.77015,55.43871,54.10717,54.81258,54.11161,54.0406,54.41386,54.78664,53.832,54.18346,50.47612,54.29998,54.31708,45.07288,53.66564,55.61544,54.64821,54.87085,50.7886,51.18544,54.88235,54.91104,54.95502,54.48275,54.00748,54.2361,53.54786,54.47698,53.97579,50.56529,55.0731403125,8555.831991250001
2022-10-11 11:00:00,911.5093,,61.1875,60.91867,61.114172424242426,61.64052,61.08413,60.03836,60.994,58.77975,60.98121,61.114172424242426,60.82842,60.99166,60.07094,60.7996,60.50592,58.17415,44.97235,61.28043,60.92023,58.40831,60.92133,60.83542,60.8815,60.79333,61.08948,60.95233,60.46317,61.11723,60.49356,58.8815,61.59502,57.88798,60.84296,59.37729,54.37429,58.2688,61.114172424242426,58.07294,48.98252,60.34702,52.50536,59.78117,58.26756,61.03381,60.8704,53.41244,60.76375,59.04779,53.01641,59.31604,60.16437,59.17258,52.78662,60.81706,60.58088,54.409,60.84602,54.08117,59.43454,60.43494,53.25152,59.78387,49.84427,47.65077,53.47081,61.114172424242426,54.27596,61.31642,61.15266,48.70421,60.82402,52.53537,60.9496,60.13704,61.1435,60.84369,60.83213,60.80742,60.97829,60.95985,61.34015,60.01875,60.963,60.90898,60.9519,60.88392,,60.09192,60.86773,,60.50869,60.67925,60.714,60.95175,59.20019,60.82467,61.04302,60.41129,60.72242,60.39991,60.76281,60.77554,61.22292,60.86752,61.08062,60.90325,60.83483,61.14394,60.83717,60.93063,60.85627,60.86319,60.89558,61.07881,57.83366,60.39302,60.66911,60.72056,59.31271,60.88361,60.8171,60.78336,60.8409,60.35798,48.685,60.64567,61.00575,60.95715,60.77275,60.97819,60.03098,60.80423,60.4735,59.83669,61.04981,60.89217,61.06264,60.91275,60.91675,60.78671,60.80209,61.19052,61.02923,60.61142,59.99659,57.81623,60.88769,60.86175,31.74952,59.86364,60.9421,61.00948,60.793,57.803,58.18412,60.02808,60.94556,60.80927,60.95715,60.74216,60.68535,60.50527,61.1096,60.74315,57.94048,61.114172424242426,9678.37763969697
2022-10-11 12:00:00,969.0162,,60.98571,60.64198,60.986465,61.34275,60.887,59.79921,60.80233,57.86438,60.76696,60.986465,60.63715,60.96356,59.851,60.8274,60.52848,58.96996,45.86031,61.14423,60.95173,59.26537,60.93616,60.91977,60.76448,60.92304,60.92744,60.98975,60.77913,60.94892,60.75388,60.09692,61.42777,59.70694,60.70921,60.28915,55.48219,60.03096,60.986465,59.65525,50.0583,60.60759,53.97364,60.27933,58.90658,60.8955,60.92844,54.59914,60.96417,59.4203,54.5059,59.77394,60.52361,59.82779,54.12629,60.86252,60.67735,55.41235,52.47202,55.1255,60.73736,60.49327,53.98442,59.57679,45.53064,48.398,54.70202,60.986465,55.52423,61.16292,60.98231,50.06985,60.79529,53.88688,60.81527,59.94854,60.99446,60.72631,60.66771,60.66792,60.8304,60.81787,61.20233,60.0326,60.84906,60.80202,60.80367,60.78704,,59.87619,60.67809,,60.42829,60.52221,60.59708,60.8049,59.07554,60.68473,61.02946,60.28365,60.6684,60.37504,60.70382,60.66223,61.11509,60.69373,60.93696,60.74019,60.73296,60.96427,60.70594,60.72648,60.74786,60.69502,60.76392,60.87971,58.5389,60.25106,60.49691,60.55259,59.16389,60.71875,60.66835,60.54677,60.77148,60.3114,45.41421,60.53983,60.88187,60.68486,60.61933,60.77429,59.8366,60.56441,60.33119,59.58965,60.7855,60.61652,60.8134,60.69108,60.68923,60.53656,60.70461,60.97794,60.85966,60.44019,59.78019,58.91521,60.80687,60.61594,31.94658,59.55085,60.65329,60.58754,60.45837,58.27744,58.83298,59.6721,60.64021,60.4405,60.71554,60.49331,60.41573,60.33804,60.90198,60.45921,59.04419,60.986465,9679.114629999998
2022-10-11 13:00:00,958.028,,61.20736,60.84802,61.25760343749999,61.44731,61.07214,59.90081,61.01058,58.26215,60.91911,61.25760343749999,60.81669,61.27352,60.06481,61.12085,60.8274,58.03202,45.39192,61.3715,61.2874,58.47246,61.2234,61.28494,60.98202,61.30973,61.23608,61.35165,61.24996,61.24038,61.14127,60.12225,61.57367,59.48621,60.98602,60.41027,54.74383,60.06075,61.25760343749999,59.12137,49.13431,60.78019,53.01392,60.31702,58.78679,61.06875,61.03175,53.54427,60.93321,59.26081,53.22494,59.90966,60.31483,59.43775,52.80873,60.93193,60.67152,54.20675,45.09852,53.92144,60.71267,60.3965,52.94162,59.62392,44.60821,60.94617,53.60258,61.25760343749999,54.57729,61.39735,61.20906,49.37936,60.88033,53.03354,61.04973,60.01365,60.95458,60.17952,60.65091,60.20475,60.85286,60.37927,61.26283,60.11211,60.59825,60.80446,60.85488,60.27746,,59.89394,60.20982,,60.33857,60.03025,60.58513,60.78523,59.17806,60.68375,60.55196,60.2191,60.55335,60.24659,60.55181,60.58175,60.64425,60.69725,61.03487,60.4459,60.24204,61.02585,60.71061,60.0846,60.77435,60.77934,60.79894,60.93731,56.96741,59.87377,60.526,60.58088,59.28965,60.64904,60.72162,60.58136,60.79646,59.77448,44.06683,60.08015,60.43227,60.08963,60.73398,60.37129,59.93748,60.63048,60.35654,59.59323,63.70623,60.78792,61.00959,60.82681,60.8544,60.63914,60.45723,61.08733,60.22373,59.98548,59.85938,57.81121,60.53415,60.72656,31.08814,59.61234,60.89058,60.81125,60.62973,57.49604,57.9729,59.97802,60.87492,60.70238,60.889,60.68262,60.56279,60.42921,61.03561,60.58561,57.99683,61.25760343749999,9665.165513750002
2022-10-11 14:00:00,895.4592,,60.07014,59.23196,60.0232503125,59.35571,59.44725,58.71656,59.53598,54.70961,59.55813,60.0232503125,59.82781,60.20165,58.99852,59.90063,59.57106,55.39477,43.68306,60.25821,60.74781,56.04139,60.79725,60.83985,59.73133,60.75133,60.09729,60.84417,60.22783,60.09206,60.04381,57.84917,59.86456,56.85027,59.47342,58.19323,52.33411,57.15794,60.0232503125,55.78948,46.90973,58.97062,50.46439,57.69606,55.92531,59.63281,59.06325,51.26908,58.35202,57.22583,50.78906,58.62421,57.28761,56.37996,49.73717,58.94732,58.16159,51.6441,43.0726,51.22898,58.45116,58.02252,50.70094,57.71496,42.64348,58.85796,51.16946,60.0232503125,52.25504,60.30475,60.08679,47.36979,58.64537,50.82994,59.78836,59.23964,59.40413,58.98956,59.184,59.40379,59.62579,59.85825,60.20219,59.62125,59.98846,59.43129,59.63431,59.23296,,58.80325,59.26169,,58.18187,58.39138,58.70508,58.91164,58.44762,58.8235,58.7006,58.24389,58.54544,58.13696,58.52029,58.76608,59.12602,59.24042,59.97048,59.23727,58.75438,58.73652,58.74408,58.68581,58.86696,58.81075,58.93314,58.93985,54.65796,57.759,58.81148,58.54037,58.25379,58.47681,58.58073,57.97873,58.59584,57.49527,42.25394,58.08987,59.013,58.79656,59.01004,58.71857,58.30746,58.65142,58.3446,57.54618,59.15463,59.04598,59.5295,58.58769,59.15721,58.28854,58.29575,58.79379,58.95654,58.0095,58.11039,54.4939,58.60629,58.31096,29.49131,57.4125,59.54017,58.86375,58.82654,54.61531,54.95006,58.75519,59.21035,59.03621,58.86419,58.46333,58.47886,57.87165,58.89769,58.1371,54.6599,60.0232503125,9368.09956125
2022-10-11 15:00:00,753.6935,,50.9466,50.03773,51.010817812499994,50.24937,50.24754,49.88216,50.41314,50.31639,50.47194,51.010817812499994,50.88548,51.39542,50.32138,51.03867,50.78098,46.80952,37.15602,51.26929,52.26506,47.57131,52.45911,52.52262,50.90956,52.43904,51.32302,52.58921,51.49464,51.23821,51.38473,49.085,50.93498,48.01329,50.42757,49.01906,44.27544,48.17523,51.010817812499994,47.09373,39.51231,49.56469,42.45648,48.44575,46.70823,50.25608,49.49541,43.07758,49.04852,48.06129,42.54077,49.45748,48.05396,46.99633,41.5089,49.3814,48.80006,43.05225,36.30802,42.71769,49.27117,48.6894,42.38027,48.52216,35.70996,49.5374,42.85719,51.010817812499994,43.9664,50.97433,50.80664,40.14744,49.39771,42.89652,50.55498,49.79235,49.42458,49.27148,49.4124,49.62431,49.80727,50.10792,50.3979,50.43052,50.2189,49.61935,49.83437,49.394,,49.32725,49.42902,,48.6325,48.89669,49.14669,49.3926,49.30965,49.28038,49.07527,48.6844,48.88277,48.45921,48.88019,49.10656,49.40571,49.51379,50.25456,49.83442,49.34843,49.48333,49.30277,49.33456,49.38235,49.46215,49.34325,49.51729,45.77046,48.46506,49.24819,49.09417,49.0766,49.03923,49.317,48.93544,49.29062,48.396,35.57565,48.77275,49.66288,49.52821,49.64939,49.52233,49.26425,49.48537,49.02406,48.40227,49.82806,49.72198,50.27502,49.20969,49.87088,49.1105,49.12679,49.60025,49.66894,48.91439,49.0284,45.92588,49.34658,49.08917,24.85508,48.62406,50.31973,49.6225,49.62102,45.96598,46.31886,49.74621,49.852,49.81546,49.4954,49.08167,49.23111,48.63635,49.58021,48.88817,45.88985,51.010817812499994,7898.441741250001
2022-10-11 16:00:00,529.5845,,35.65804,34.81456,35.953526874999994,35.17891,35.10527,34.95169,35.26927,35.38498,35.2729,35.953526874999994,35.62773,36.40552,35.31696,36.06871,36.03179,32.76867,26.38446,35.99662,37.29337,33.48663,37.56496,37.67384,35.86875,37.70194,36.26654,37.72346,36.75821,36.08906,36.65464,34.86285,35.80779,33.76429,35.53658,34.40223,31.18733,33.29135,35.953526874999994,32.57231,27.60598,34.70494,29.70123,33.7626,32.49808,35.02075,34.52327,30.28833,34.14946,33.06854,29.81283,34.37594,33.31439,32.11619,28.85611,34.21748,33.91821,29.90192,26.31623,29.59173,34.5575,34.06639,29.53771,33.98002,25.72704,34.72435,30.04973,35.953526874999994,31.00617,35.71215,35.66583,28.63573,34.80463,30.3581,35.67529,34.74346,34.09306,34.35915,34.38221,34.43154,34.59954,34.77769,35.12198,34.949,34.88327,34.45479,34.71331,34.24062,,34.24502,34.40721,,33.84282,33.98867,34.26131,34.40804,34.317,34.34681,34.18531,33.83377,33.9944,33.60119,34.07339,34.1824,34.47231,34.39668,34.90317,34.72417,34.37227,34.52146,34.32743,34.33146,34.40027,34.499,34.32685,34.48687,31.91152,33.76162,34.28479,34.19327,34.224,34.11098,34.39246,34.0896,34.33948,33.59375,24.86473,33.91179,34.64642,34.50773,34.57684,34.58715,34.50642,34.52629,34.1194,33.64962,34.7495,34.65119,35.04302,34.16029,34.7595,34.22071,34.32323,34.6536,34.62088,34.00988,34.19262,32.00758,34.37885,34.14221,17.36918,33.95458,35.06631,34.72633,34.54639,31.99637,32.31311,34.53504,34.63327,34.70583,34.38519,34.07244,34.26344,33.96144,34.56506,34.00594,31.85686,35.953526874999994,5521.6677675
2022-10-11 17:00:00,259.594,,16.0135,15.60011,16.609106562500003,15.82883,15.88167,15.90646,15.98137,16.3065,15.93698,16.609106562500003,16.07431,17.14858,16.12825,16.86488,16.94642,14.81648,12.43996,16.40919,17.68135,15.38848,17.93302,18.05913,16.452,18.21112,16.7986,18.15035,17.55117,16.61,17.37757,16.38809,16.44677,15.69875,16.39875,15.82704,14.39379,15.00327,16.609106562500003,14.51506,12.4431,15.8175,13.47121,15.34811,14.6534,15.81331,15.6379,13.942,15.24185,14.48081,13.43808,15.36321,14.78002,14.10792,12.66225,15.32231,14.9241,13.2866,15.06504,13.12731,15.65996,15.25548,13.15481,15.30317,13.61462,15.63594,13.61727,16.609106562500003,14.30527,16.08836,16.11292,13.44275,15.86621,14.11979,16.29452,15.46546,14.97958,15.20479,15.15698,15.20692,15.25229,15.43827,15.63829,15.56446,15.36308,15.2621,15.38244,15.14806,,15.17654,15.13206,,14.85317,15.06735,15.136,15.36625,15.09819,15.27148,15.12142,14.96808,14.98096,14.83698,15.07548,15.20446,15.32254,15.24317,15.51619,15.29719,15.08019,15.46069,15.0834,15.21296,15.19854,15.40465,15.06544,15.36654,14.05156,15.03652,15.0666,15.16612,15.16692,15.14012,15.21704,15.17302,15.11937,14.74825,11.7785,14.98919,15.27862,15.37396,15.13038,15.50971,15.30308,15.42827,14.94033,14.88419,15.5669,15.41004,15.59902,15.21087,15.46113,15.26658,15.27567,15.54754,15.3409,15.08323,15.17173,14.29762,15.18556,15.15167,7.930416,15.04129,15.6815,15.63619,15.45413,14.36404,14.48887,15.40292,15.36487,15.50058,15.23885,15.06946,15.21015,15.13887,15.47096,15.116,14.15521,16.609106562500003,2488.9384822499997
2022-10-11 18:00:00,16.7673,,1.121729,1.024229,0.0,1.115583,1.157458,1.198583,1.155125,1.233708,1.138875,0.0,1.087208,1.394375,1.2465,1.320188,1.314625,1.027667,1.006271,1.203417,1.407771,1.123333,1.470021,1.456792,1.134667,1.555854,1.228667,1.62975,1.493333,1.165625,1.379333,1.255583,1.114458,1.20475,1.101646,1.269896,0.9326667,1.141604,0.0,1.0445,0.7624167,1.096125,0.8587916,1.114063,1.143625,0.9815834,1.134187,0.9963959,1.027854,1.0885,0.8445001,1.236354,1.000167,0.9345208,1.000458,1.116708,0.9762083,0.8427082,1.234229,0.8951666,1.123646,1.075729,0.8187709,1.231229,0.9972708,1.146458,0.9160001,0.0,1.115417,1.159833,1.151896,0.9979375,1.192521,0.9969583,1.180229,0.9449791,0.9918959,0.6542708,0.6407292,0.8515208,0.7378957,0.9003958,0.9036251,1.054438,0.7190416,0.9053333,0.7975208,0.9078541,,0.9325625,0.7744167,,0.5396457,0.7740207,0.5635418,0.9162918,0.5718333,0.7974584,0.6642501,0.7591875,0.6207709,0.8005832,0.6787291,0.889625,0.7312707,0.8335416,0.9079375,0.5112917,0.5062916,0.7768959,0.4846459,0.7005834,0.5719166,0.7304374,0.4933543,0.7695625,0.4849583,0.7612501,0.4782708,0.7143332,0.5926666,0.7450625,0.5949999,0.8925833,0.5261041,0.8238333,0.6599792,0.8116041,0.4966249,0.8188543,0.4093751,0.8586874,0.6195209,0.7177917,0.4198958,0.7529582,0.7917916,0.7415624,0.7533749,0.9470832,0.6828751,0.98125,0.6303541,1.093542,0.6046876,0.8823959,0.6085207,0.8470417,0.5743958,0.8675416,0.5775833,0.9436458,0.8468751,1.062917,0.7982499,0.9645834,0.8625834,1.053021,0.8305209,1.012521,0.7861874,0.919375,0.7311874,0.9991041,0.8485832,0.9635,0.9271459,,146.867748
2022-10-11 19:00:00,0.0,,,,,,,,,,,,,,,,,,,,,,,,,,,,,,,,,,,,,,,,,,,,,,,,,,,0.08909756,,,0.04699652,,,,,,,,,0.1126042,,,,,,,,,,,,,,,,,,,,,,,,,,,,,,,,,,,,,,,,,,,,,,,,,,,,,,,,,,,,,,,,,,,,,,,,,,,,,,,,,,,,,,,,,,,,,,,,,,,,,,,,,0.24869828
2022-10-11 20:00:00,0.0,,,,,,,,,,,,,,,,,,,,,,,,,,,,,,,,,,,,,,,,,,,,,,,,,,,,,,,,,,,,,,,,,,,,,,,,,,,,,,,,,,,,,,,,,,,,,,,,,,,,,,,,,,,,,,,,,,,,,,,,,,,,,,,,,,,,,,,,,,,,,,,,,,,,,,,,,,,,,,,,,,,,,,,,0.0
2022-10-11 21:00:00,0.0,,,,,,,,,,,,,,,,,,,,,,,,,,,,,,,,,,,,,,,,,,,,,,,,,,,,,,,,,,,,,,,,,,,,,,,,,,,,,,,,,,,,,,,,,,,,,,,,,,,,,,,,,,,,,,,,,,,,,,,,,,,,,,,,,,,,,,,,,,,,,,,,,,,,,,,,,,,,,,,,,,,,,,,,0.0
2022-10-11 22:00:00,0.0,,,,,,,,,,,,,,,,,,,,,,,,,,,,,,,,,,,,,,,,,,,,,,,,,,,,,,,,,,,,,,,,,,,,,,,,,,,,,,,,,,,,,,,,,,,,,,,,,,,,,,,,,,,,,,,,,,,,,,,,,,,,,,,,,,,,,,,,,,,,,,,,,,,,,,,,,,,,,,,,,,,,,,,,0.0
2022-10-11 23:00:00,0.0,,,,,,,,,,,,,,,,,,,,,,,,,,,,,,,,,,,,,,,,,,,,,,,,,,,,,,,,,,,,,,,,,,,,,,,,,,,,,,,,,,,,,,,,,,,,,,,,,,,,,,,,,,,,,,,,,,,,,,,,,,,,,,,,,,,,,,,,,,,,,,,,,,,,,,,,,,,,,,,,,,,,,,,,0.0
2022-10-12 00:00:00,0.0,,,,,,,,,,,,,,,,,,,,,,,,,,,,,,,,,,,,,,,,,,,,,,,,,,,,,,,,,,,,,,,,,,,,,,,,,,,,,,,,,,,,,,,,,,,,,,,,,,,,,,,,,,,,,,,,,,,,,,,,,,,,,,,,,,,,,,,,,,,,,,,,,,,,,,,,,,,,,,,,,,,,,,,,0.0
2022-10-12 01:00:00,0.0,,,,,,,,,,,,,,,,,,,,,,,,,,,,,,,,,,,,,,,,,,,,,,,,,,,,,,,,,,,,,,,,,,,,,,,,,,,,,,,,,,,,,,,,,,,,,,,,,,,,,,,,,,,,,,,,,,,,,,,,,,,,,,,,,,,,,,,,,,,,,,,,,,,,,,,,,,,,,,,,,,,,,,,,0.0
2022-10-12 02:00:00,0.0,,,,,,,,,,,,,,,,,,,,,,,,,,,,,,,,,,,,,,,,,,,,,,,,,,,,,,,,,,,,,,,,,,,,,,,,,,,,,,,,,,,,,,,,,,,,,,,,,,,,,,,,,,,,,,,,,,,,,,,,,,,,,,,,,,,,,,,,,,,,,,,,,,,,,,,,,,,,,,,,,,,,,,,,0.0
2022-10-12 03:00:00,0.0,,,,,,,,,,,,,,,,,,,,,,,,,,,,,,,,,,,,,,,,,,,,,,,,,,,,,,,,,,,,,,,,,,,,,,,,,,,,,,,,,,,,,,,,,,,,,,,,,,,,,,,,,,,,,,,,,,,,,,,,,,,,,,,,,,,,,,,,,,,,,,,,,,,,,,,,,,,,,,,,,,,,,,,,0.0
2022-10-12 04:00:00,0.0,,,,,,,,,,,,,,,,,,,,,,,,,,,,,,,,,,,,,,,,,,,,,,,,,,,,,,,,,,,,,,,,,,,,,,,,,,,,,,,,,,,,,,,,,,,,,,,,,,,,,,,,,,,,,,,,,,,,,,,,,,,,,,,,,,,,,,,,,,,,,,,,,,,,,,,,,,,,,,,,,,,,,,,,0.0
2022-10-12 05:00:00,0.0,,,,,,,,,,,,,,,,,,,,,,,,,,,,,,,,,,,,,,,,,,,,,,,,,,,,,,,,,,,,,,,,,,,,,,,,,,,,,,,,,,,,,,,,,,,,,,,,,,,,,,,,,,,,,,,,,,,,,,,,,,,,,,,,,,,,,,,,,,,,,,,,,,,,,,,,,,,,,,,,,,,,,,,,0.0
2022-10-12 06:00:00,0.0,,,0.0,0.0,0.0,0.0,0.0,0.0,0.0,0.0,0.0,,0.0,0.0,,0.0,0.0,0.0,0.0,0.0,0.0,0.0,,0.0,,0.0,0.0,0.0,0.0,0.0,,0.0,0.0,0.0,0.0,0.0,0.0,0.0,,0.0,,,0.0,0.0,0.0,0.0,0.0,0.0,,,0.0,0.0,0.0,0.0,,,,0.0,0.0,,0.0,0.0,,0.0,0.0,,0.0,0.0,,0.0,0.0,0.0,0.0,,0.0,0.0,0.0,0.0,0.0,0.0,0.0,0.0,0.0,0.0,0.0,0.0,0.0,,0.0,0.0,,0.0,,0.0,0.0,0.0,0.0,0.0,0.0,0.0,0.0,,,,0.0,0.0,0.0,0.0,0.0,0.0,0.0,0.0,0.0,0.0,0.0,0.0,0.0,0.0,0.0,0.0,0.0,0.0,,0.0,0.0,,0.0,,0.0,0.0,0.0,0.0,0.0,0.0,,0.0,0.0,0.0,,,0.0,0.0,0.0,0.0,0.0,,0.0,0.0,0.0,0.0,0.0,0.0,0.0,0.0,0.0,0.0,0.0,,0.0,0.0,0.0,0.0,0.0,0.0,0.0,,,0.0
2022-10-12 07:00:00,10.80266,,0.7216249,0.9260207,0.0,0.5598958,0.7878541,1.048521,0.6814376,0.693875,1.033375,0.0,0.8455834,0.5663751,1.146146,0.5775208,0.7102501,0.9448125,0.5985209,0.8838124,0.3860416,0.6034583,0.6613125,0.5785625,0.7458126,0.6156875,0.7144791,0.6997083,0.6174791,0.67525,0.5386249,0.508,0.6549168,0.4854792,0.6160624,0.4671459,0.4516459,0.584875,0.0,0.5154584,0.5363333,0.4896666,0.5666666,0.6740626,0.9289166,0.7967499,0.4375208,1.186667,0.4009582,0.9004583,0.5102083,0.8929793,0.6153959,0.5264376,1.405458,1.116583,0.7405001,1.41725,0.7592084,0.8377084,0.7776251,0.9726041,1.314563,1.44375,1.173208,0.9956666,1.4105,0.0,1.633729,0.9207083,1.189625,1.14325,1.207083,1.254125,0.9687709,2.386646,2.231042,1.837125,1.967312,1.942479,2.059,1.98075,2.43325,2.344583,2.061063,1.815125,2.112667,1.751104,,1.912104,2.286208,,1.777542,1.480083,1.718667,1.737333,1.888271,1.090229,1.542375,1.452688,1.7935,1.633542,1.950458,1.775979,2.079187,1.563521,1.917583,1.607187,1.599,1.198333,1.663,0.7175208,1.758896,0.9476041,1.616146,1.070125,1.504063,1.512354,1.666792,1.337729,1.830667,1.439583,1.403792,1.046396,1.083417,1.13375,1.27525,1.198563,1.2335,1.418,1.121333,1.310271,1.799854,1.215875,1.626042,1.247458,1.155958,1.193687,1.203604,0.7589167,1.094917,0.9746041,1.056396,0.9556458,1.154979,0.7665417,1.351125,0.9433124,1.030646,1.104771,1.55675,1.13325,1.184396,0.9521043,1.360833,1.031042,1.351958,1.121354,1.159646,1.062042,0.9794792,0.8705833,1.209,0.9625208,1.152021,1.029917,0.7573541,,185.71383350000002
2022-10-12 08:00:00,230.9368,,15.68285,18.51315,21.50779875,20.22196,20.42875,20.26504,20.17594,18.59585,21.02066,21.50779875,20.62183,15.8556,20.63758,13.53569,11.72112,19.04335,12.51448,20.37917,10.99636,17.41546,11.16967,9.550521,19.37727,8.016666,18.13404,6.846417,7.48775,17.88556,7.044897,6.591457,18.20177,8.249707,16.87942,8.202208,14.34431,9.149291,21.50779875,11.57652,13.77002,12.76412,13.51044,12.25471,10.93262,19.06252,8.614437,16.44158,6.690937,7.859895,14.8065,8.974458,10.39946,13.19529,15.49431,16.13383,12.67423,18.11493,12.45844,17.12054,12.68229,13.69777,18.12361,17.21173,15.05154,18.38554,17.19221,21.50779875,17.35148,19.68754,19.93711,14.62785,19.25252,16.05083,17.99675,21.64021,21.70639,21.28167,21.49265,21.24658,21.66438,21.45921,22.11292,21.95761,21.6025,21.07039,21.46704,21.20846,,20.98515,21.57262,,21.19571,21.06039,21.2401,21.48096,21.67456,20.65021,21.16223,20.88433,21.31921,20.63398,21.39796,21.1601,21.58019,21.11146,21.64506,21.49204,21.28962,20.66429,21.41179,20.33392,21.47308,20.56265,21.34557,20.79135,19.8004,20.96023,21.32035,21.08561,21.39941,21.10633,21.30842,20.61287,20.68277,19.96058,20.4255,20.14014,21.12437,21.13833,20.68344,20.41694,21.65502,20.89227,21.23973,20.10983,20.99767,21.24733,21.37914,20.35683,21.09058,20.77654,20.7254,20.81042,21.14346,20.20994,21.031,19.37113,20.64598,20.9525,21.49971,20.51769,21.66607,21.08288,21.46029,19.62235,20.08714,21.13573,21.14786,21.15166,20.80094,20.42994,21.1084,20.51492,20.98219,21.02513,19.32933,21.50779875,2991.276776
2022-10-12 09:00:00,520.3135,,40.59602,40.13189,41.190913125,40.05958,39.89081,39.71694,39.85535,38.98225,40.58927,41.190913125,40.59048,36.55634,40.04194,33.30719,32.45677,37.11867,32.40927,40.15231,34.75544,36.49071,32.46356,29.81723,39.43481,27.68214,39.31116,27.73275,29.5485,39.57116,27.79313,26.66742,39.60402,27.51235,38.83715,27.07137,33.82173,28.25296,41.190913125,30.82175,30.43804,36.059,29.20685,31.84754,29.21614,39.1104,27.91596,33.64827,29.48829,29.30608,33.08346,27.97046,33.66177,36.06186,32.62827,34.06881,31.49767,35.00221,31.47875,34.42723,33.20484,36.36914,34.27913,39.39554,34.06248,39.66146,34.00494,41.190913125,34.23658,40.36944,40.19413,29.96369,38.99225,32.73673,37.87533,41.41581,41.39717,41.01722,41.21758,40.94085,41.498,41.32456,41.94835,41.71756,41.54973,40.88379,41.29669,40.84964,,40.67029,41.25894,,40.49273,40.39688,40.74183,40.86579,41.28569,40.43967,40.83802,40.22154,40.74583,39.971,40.86175,40.69109,41.27515,40.90073,41.47771,41.23648,40.77137,40.35723,40.94464,40.16404,40.86412,40.37917,40.86665,40.54856,38.00373,40.10331,40.89889,40.47306,40.82277,40.52206,40.77438,39.98965,40.44262,39.16675,41.08317,39.37775,40.95132,40.48748,40.91552,40.34587,41.05683,40.32911,40.56802,39.40071,40.67754,40.88152,41.35221,39.84665,40.83827,40.10923,40.3381,40.26792,40.92679,39.77684,40.45039,37.37452,40.40863,40.3651,40.97617,39.77785,41.64081,40.59604,41.1069,37.79352,38.3505,40.62388,40.81623,40.74611,40.42823,39.77935,40.43742,39.83467,40.58921,40.09562,37.28798,41.190913125,6192.401862500001
2022-10-12 10:00:00,755.102,,55.7715,55.0705,55.3801925,55.11304,54.90919,54.451,54.97508,54.10437,55.48812,55.3801925,55.61829,54.06829,54.77354,53.35342,49.83287,50.97911,39.15494,55.33683,54.00219,50.74925,52.48002,47.04775,54.53191,50.4174,54.60487,45.29829,49.58173,54.77552,48.09567,45.96162,54.71946,45.42456,53.87427,46.49427,47.03112,45.31704,55.3801925,48.41777,42.17646,52.01659,41.13281,51.20314,47.39654,54.16562,49.52586,46.38108,49.98185,46.02629,45.78308,46.09967,51.74147,50.86392,45.26525,53.31104,48.35975,47.45146,46.94371,47.09431,47.78756,53.039,46.45144,53.50085,46.80612,54.17071,46.35231,55.3801925,46.90017,55.35564,55.08133,41.63734,53.39406,45.17923,54.2241,55.3226,55.42756,54.89835,55.13754,55.18073,55.54194,55.62954,56.11808,55.98325,55.85711,54.99854,55.39677,54.90627,,54.71588,55.14616,,54.21473,54.40973,54.63094,54.95775,55.08102,54.61175,54.69271,54.16171,54.53556,53.97237,54.55694,54.70217,55.11744,55.07811,55.87167,55.29246,54.69865,54.6446,54.84596,54.49733,54.80246,54.68919,54.88788,54.82202,50.95211,53.9479,54.83808,54.55686,54.60831,54.55708,54.73212,54.20329,54.52248,53.39473,53.25577,53.6534,55.04356,54.82348,55.02177,54.65139,54.65087,54.62037,54.42023,53.63304,55.02667,54.98206,55.68402,54.35562,55.07325,54.40279,54.27908,54.72604,55.01475,54.08656,54.37125,50.7005,54.51888,54.65038,46.79388,53.89683,55.87648,54.97892,55.07644,51.07389,51.37504,55.05535,55.10148,55.23835,54.65918,54.23434,54.44419,53.84457,54.74884,54.3261,50.82219,55.3801925,8587.685560000002
2022-10-12 11:00:00,913.5997,,61.23862,61.0121,61.20949593750001,61.65698,61.13427,60.0096,61.08854,56.61612,61.08817,61.20949593750001,60.88615,61.08102,60.027,60.87948,60.57608,58.00282,44.79913,61.31814,61.07969,58.13656,61.04969,60.92192,60.92717,60.80281,61.17121,19.68881,60.39531,61.14942,60.39558,58.72744,61.66971,57.46752,60.86285,58.96584,54.1091,57.88956,61.20949593750001,57.68517,48.72707,60.23442,47.86409,59.53581,57.82069,61.00781,60.72058,53.14437,60.59023,58.65942,52.79729,59.30359,59.97712,58.76706,52.6065,60.75298,60.59908,54.21275,47.71987,53.90393,59.3844,60.4525,53.09106,59.82671,53.62983,39.74142,53.28287,61.20949593750001,54.08992,61.36792,61.21317,48.50308,60.86235,52.27479,61.01835,60.15927,61.25696,60.99123,60.91137,60.90383,60.99625,61.03079,61.46323,60.06773,61.01452,60.99729,61.02206,60.96694,,60.05433,60.9291,,60.64502,60.76111,60.84596,61.11681,59.20277,60.93512,61.20058,60.56183,60.88721,60.55573,60.89902,60.97652,61.29969,60.97821,61.20494,60.97792,60.96288,61.30014,60.97933,60.99969,60.9766,60.99956,61.0625,61.18677,57.5036,60.56027,60.72917,60.81463,59.35025,60.94873,60.92344,60.8415,60.98864,60.43548,44.48198,60.70412,61.17683,61.05983,60.89133,61.12208,60.10275,60.91481,60.56712,59.9551,61.09568,60.95419,61.11488,60.98385,60.98829,60.87331,60.92739,61.30964,61.11379,60.70925,60.10837,57.62909,61.00773,61.00523,31.17794,59.99248,60.98658,61.06564,60.80604,57.59142,57.90771,60.02496,60.97594,60.86287,61.03929,60.74704,60.76144,60.57394,61.24733,60.87506,57.84075,61.20949593750001,9609.680183750002
2022-10-12 12:00:00,995.8329,,61.28827,61.08792,61.487533125,61.952,61.30671,60.02887,61.21471,58.28625,61.09542,61.487533125,60.89286,61.47202,60.02782,61.33858,61.10717,59.52198,46.29335,61.39427,61.37157,59.8699,61.27937,61.30879,61.07846,61.32962,61.37327,39.4791,61.43481,61.30475,61.27221,61.31825,61.98308,60.93694,61.2479,61.45983,55.96881,61.29894,61.487533125,60.91629,50.43781,61.3515,50.32415,61.36816,60.00577,61.31077,61.54673,54.80727,61.88689,60.08756,54.64879,60.1424,61.5676,60.95194,54.4865,61.43346,61.441,55.60146,46.23827,55.34687,61.4335,61.21484,54.067,60.08604,48.91877,32.24675,54.93221,61.487533125,55.77194,61.45302,61.30838,50.28631,61.51336,54.20533,61.23152,60.16435,61.37627,61.22102,61.01317,60.99452,61.03223,61.08364,61.49815,60.07221,61.05094,61.11698,61.09994,61.15321,,60.0866,61.00993,,61.00229,61.02879,61.05254,61.30646,59.17741,61.18802,61.62191,60.84298,61.17296,60.87492,61.19331,61.22604,61.49583,61.10494,61.24023,61.044,61.18444,61.65039,61.14042,61.30238,61.17004,61.24481,61.24488,61.44256,58.63269,60.96704,60.83781,61.06163,59.3784,61.24527,61.14121,61.23896,61.31462,61.09119,45.58818,61.18217,61.38214,61.20411,61.01827,61.38308,60.16525,61.09852,60.72608,60.14025,61.21933,61.09038,61.16952,61.32829,61.12487,61.19727,61.39515,60.28992,61.30769,61.16073,60.19723,59.52196,61.35235,61.25893,32.23188,60.1435,61.01315,61.26727,60.91212,58.7925,59.11662,60.00979,61.09906,60.89898,61.30429,61.06144,61.00742,61.14119,61.57067,61.25612,59.81194,61.487533125,9712.118232499999
2022-10-12 13:00:00,990.8571,,61.30154,61.0949,61.965433125000004,61.95752,61.32719,60.03358,61.25052,56.18356,61.10796,61.965433125000004,60.91269,61.50683,60.03513,61.37114,61.13848,58.82175,46.05365,61.43594,61.41467,59.17571,61.30567,61.33987,61.10968,61.34863,61.4001,38.37159,61.47371,61.34185,61.30479,61.23454,61.99886,60.56888,61.27779,61.35696,55.51148,61.14756,61.965433125000004,60.13281,49.87512,61.39181,49.88696,61.25214,59.89933,61.3396,61.60404,54.40896,61.85669,60.09152,54.20692,60.15467,61.40687,60.53092,53.83638,61.45221,61.48616,54.88641,45.75042,54.55627,61.45089,61.21475,53.38063,60.09261,45.03573,19.98112,54.18835,61.965433125000004,55.06679,61.49054,61.33692,49.78652,61.57259,53.53767,61.26742,60.17171,60.91775,61.26454,60.58517,61.02663,61.05702,61.10773,60.9411,60.07769,61.07225,61.14796,60.72744,60.69554,,60.09152,61.02129,,60.29571,61.06844,61.09454,61.33225,59.19387,60.53819,66.39823,60.86294,60.67708,60.47833,61.21537,60.69796,61.19517,61.12821,61.25311,60.58525,60.7346,61.7029,61.15777,66.53302,61.182,60.8725,60.71879,61.18567,57.96683,60.48269,60.32794,60.64806,59.4071,60.54602,61.16241,61.27048,61.35873,66.33684,44.97194,61.22021,60.83481,61.21398,60.72094,61.4109,60.17006,61.12117,60.72731,60.14563,61.24358,61.12081,61.19408,61.38137,61.1535,61.22815,61.4249,61.64723,61.35186,60.69958,60.20398,58.751,61.40733,60.7594,31.75858,60.1541,61.03227,61.27963,60.91329,58.16105,58.67729,60.02225,61.12748,60.90506,61.33835,61.09106,61.02713,61.16827,61.62254,61.2789,59.11019,61.965433125000004,9685.770692500002
2022-10-12 14:00:00,911.7499,,60.43366,59.74329,60.356717499999995,59.91804,59.95544,59.08704,60.0289,47.31298,60.03511,60.356717499999995,60.18081,60.40805,59.26892,60.20023,59.8614,56.0035,43.94148,60.62552,60.95919,56.54179,60.91671,60.93138,60.23319,60.80746,60.58273,45.17109,60.47829,60.56723,60.22688,58.22715,60.48169,57.24086,59.95023,58.64117,52.78933,57.62456,60.356717499999995,56.25571,47.24012,59.38773,46.65617,58.14067,56.40485,60.09229,59.51785,51.59144,58.86075,57.75971,51.42373,58.96827,57.93225,57.01458,50.36636,59.57941,58.90865,52.06906,43.63381,51.73477,59.28898,58.85269,51.2135,58.46375,43.09879,28.36481,51.71841,60.356717499999995,52.80912,60.85035,60.63708,47.98054,59.3289,51.25959,60.2733,59.40458,59.64933,59.60983,59.69014,59.73219,60.04577,60.13242,60.65575,59.64825,60.32881,59.72027,60.13325,59.53685,,59.086,59.88992,,58.8036,58.98294,59.31158,59.5494,58.66964,59.34654,59.22858,58.70431,59.08623,58.59198,59.06002,59.18787,59.57838,59.60548,60.29017,59.78437,59.42233,59.48039,59.40456,59.32677,59.4916,59.45181,59.60304,59.53973,55.17204,58.36562,59.34708,59.15669,58.64023,59.0116,59.3071,58.69717,59.37013,58.21238,42.75208,58.85252,59.73286,59.46909,59.64783,59.44761,58.86921,59.33775,59.04185,58.20267,59.73962,59.63496,60.0769,59.243,59.80762,58.96521,59.09063,50.23706,59.68319,58.72869,58.74279,55.13186,59.3349,59.09519,29.89929,58.09346,59.97813,59.3159,59.357,55.04431,55.60386,59.12921,59.77496,59.51194,59.57452,59.00838,59.17219,58.4695,59.62019,58.83631,55.36866,60.356717499999995,9383.14778
2022-10-12 15:00:00,752.0137,,50.55767,49.72588,50.70122531249999,49.92421,49.90686,49.5235,50.06156,49.86158,50.14484,50.70122531249999,50.55516,50.90127,49.94967,50.61069,50.32587,46.56083,36.89373,50.92435,51.95483,47.22461,52.11254,52.11946,50.58833,51.98458,51.01788,52.12121,50.99583,50.97106,50.88029,48.63306,50.73327,47.58154,50.14788,48.61123,44.06673,47.78733,50.70122531249999,46.75248,39.30975,49.24398,38.65425,48.04656,46.40012,50.09323,49.1151,42.87054,48.78344,47.76271,42.54835,49.21254,47.79609,46.71371,41.43852,49.10998,48.62516,42.96248,36.16871,42.63448,49.13815,48.57452,42.33265,48.43848,35.94188,49.32544,42.82152,50.70122531249999,43.89794,50.93883,50.7496,40.14583,49.27012,42.73775,50.43696,49.50638,49.00477,49.19504,49.27877,49.41733,49.64225,49.89046,50.33165,50.17913,50.1124,49.35029,49.74146,49.10644,,49.07187,49.40052,,48.48733,48.66883,49.01266,49.23529,49.12179,49.09171,48.96544,48.47284,48.78452,48.26252,48.76781,48.93844,49.25531,49.31831,50.08046,49.59071,49.15544,49.28938,49.11404,49.07156,49.19442,49.2729,49.25971,49.29533,45.64752,48.26115,49.05138,48.89463,48.91479,48.77167,49.0505,48.55796,49.08189,48.06467,35.36619,48.47631,49.48971,49.26408,49.43648,49.27075,49.04816,49.20254,48.79169,48.14196,49.54256,49.41448,49.97715,48.86585,49.64227,48.81098,48.92295,49.28879,49.42302,48.60475,48.71881,45.59566,49.07615,48.84131,24.71756,48.30327,49.95735,49.22442,49.24935,45.64819,45.99446,49.33577,49.50407,49.45588,49.19325,48.74073,48.91614,48.32108,49.30019,48.61925,45.67623,50.70122531249999,7854.3575412499995
2022-10-12 16:00:00,523.6545,,34.87415,34.25469,35.283650937500006,34.55765,34.4651,34.27365,34.65242,34.78246,34.67152,35.283650937500006,34.99957,35.77548,34.74365,35.41921,35.38261,32.21867,25.90765,35.30767,36.61977,32.8635,36.7751,36.87843,35.14135,36.87908,35.60694,36.99875,35.99762,35.39502,35.88098,34.12165,35.15242,33.00725,34.86504,33.7025,30.59892,32.59552,35.283650937500006,31.61775,27.05456,33.99869,26.59706,33.00975,31.87839,34.31218,33.77904,29.72289,33.49346,32.44806,29.24814,33.69021,32.68231,31.49427,28.3001,33.54875,33.27825,29.37619,24.93175,29.11804,33.93904,33.44125,29.03083,33.40733,29.41038,34.10248,29.55883,35.283650937500006,30.45081,35.10606,35.05236,28.14577,34.14502,29.82033,35.02642,34.01863,33.48235,33.73671,33.72069,33.82487,33.91254,34.17936,34.51298,34.35081,34.23958,33.83125,34.0826,33.62694,,33.68869,33.75814,,33.21596,33.35606,33.60212,33.84183,33.61292,33.72377,33.54198,33.20804,33.36198,32.98904,33.40533,33.60777,33.77594,33.8096,34.33881,34.06906,33.72767,33.9124,33.67258,33.67271,33.7411,33.90475,33.72063,33.86867,31.332,33.17508,33.59208,33.56396,33.56379,33.47181,33.71098,33.45963,33.71917,32.94537,24.38877,33.26284,34.05986,33.88071,33.95792,33.99725,33.85638,33.91942,33.46302,33.04884,34.09291,34.03321,34.41784,33.57169,34.16527,33.64454,33.72908,34.05317,33.97994,33.41446,33.51142,31.41423,33.71983,33.56215,17.05394,33.32615,34.44956,34.07648,33.96121,31.5195,31.758,33.92817,34.03867,34.08577,33.79902,33.44308,33.66996,33.37327,34.01671,33.47031,31.38887,35.283650937500006,5420.401493750001
2022-10-12 17:00:00,244.2746,,15.03027,14.66689,15.6368059375,14.90796,14.915,14.90131,15.03583,15.35267,14.97937,15.6368059375,15.11748,16.12935,15.19633,15.86875,15.92448,13.96448,11.7204,15.42231,16.68619,14.48744,16.87514,16.9849,15.46352,17.11146,15.83858,17.24896,16.50794,15.6425,16.30681,15.40567,15.49723,14.75269,15.42206,14.91059,13.55848,14.08488,15.6368059375,13.61092,11.70008,14.86717,11.52885,14.41706,13.82936,14.86973,14.67796,13.12617,14.33257,13.61227,12.67248,14.45481,13.8951,13.28506,11.9251,14.39631,14.05456,12.53385,10.81852,12.38935,14.77106,14.37285,12.38204,14.43213,12.83623,14.74942,12.82683,15.6368059375,13.4801,15.20494,15.22596,12.68894,14.97669,13.3034,15.41781,14.56094,14.13067,14.33273,14.22527,14.32904,14.31196,14.53644,14.76313,14.66312,14.45183,14.34362,14.49487,14.25727,,14.31664,14.25444,,13.98013,14.16554,14.1866,14.5175,14.14446,14.39279,14.23992,14.08446,14.08223,13.96273,14.16146,14.35919,14.37648,14.35215,14.63602,14.29367,14.14573,14.57611,14.09929,14.30167,14.22831,14.5309,14.1729,14.46809,13.16758,14.16254,14.05142,14.27102,14.22256,14.21327,14.27252,14.2471,14.207,13.83281,10.4286,14.05846,14.3844,14.46027,14.19581,14.64398,14.33177,14.52652,13.94448,14.02079,14.64173,14.48532,14.66496,14.31854,14.54704,14.34527,14.37071,14.45727,14.39548,14.19198,14.1966,13.42185,14.254,14.2851,7.333979,14.13371,14.74585,14.7081,14.49227,13.51682,13.6166,14.45402,14.44123,14.56812,14.32638,14.10638,14.27863,14.24631,14.58385,14.23983,13.36058,15.6368059375,2335.93253275
2022-10-12 18:00:00,12.19446,,0.8892292,0.8125626,0.0,0.9100001,0.9282917,0.9428124,0.9340625,0.9897501,0.9174376,0.0,0.8623542,1.116896,1.023687,1.05,1.040396,0.8339583,0.8095625,0.9690001,1.138792,0.9099792,1.1755,1.151083,0.8972499,1.22625,0.9995832,1.359417,1.185687,0.9363334,1.089375,0.9925417,0.9254792,0.9702709,0.8871041,1.027896,0.7478333,0.9252084,0.0,0.8409584,0.5892916,0.8780417,0.6008959,0.8785834,0.9226251,0.7694167,0.8802083,0.8055834,0.8138542,0.8803126,0.6824583,1.017479,0.8261874,0.7404999,0.8427501,0.8772499,0.7753959,0.6717916,0.7650001,0.7391251,0.8945833,0.8621668,0.6408958,1.014604,0.8060834,0.9182708,0.7152292,0.0,0.8947501,0.92425,0.9206251,0.8014999,0.9556874,0.7853957,0.9411874,0.759,0.8019791,0.5656459,0.5042083,0.6613541,0.5437917,0.7215,0.7837109,0.8535834,0.5699583,0.7005834,0.6259167,0.7204999,,0.760875,0.6065,,0.4453332,0.5865833,0.4699375,0.7436459,0.4179166,0.6446667,0.5580626,0.5862917,0.4944583,0.6138126,0.5321041,0.7295833,0.575,0.6611665,0.7291042,0.4347292,0.4413124,0.6329582,0.4287291,0.5264583,0.4911041,0.6038334,0.4523332,0.6156875,0.4383542,0.5905624,0.3793749,0.5762917,0.4833751,0.5687916,0.4870417,0.7118126,0.4419791,0.6435,0.4666457,0.6620833,0.4548957,0.6488333,0.3668124,0.7267708,0.5612082,0.5724168,0.3566667,0.6249376,0.6305417,0.5904792,0.6216249,0.7640833,0.5814376,0.7856874,0.5440832,0.6017292,0.5081041,0.7278126,0.4808958,0.6811042,0.4705417,0.7103959,0.3754167,0.7600833,0.6815624,0.8615834,0.6322916,0.788625,0.6951876,0.8431042,0.6629374,0.8165835,0.6374168,0.7198542,0.5934584,0.8135833,0.7348958,0.795375,0.775125,,117.69039790000002
2022-10-12 19:00:00,0.0,,,,,,,,,,,,,,,,,,,,,,,,,,,0.02187427,,,,,,,,,,,,,,,,,,,,,,,,0.08126481,,,0.08225,,,,,,,,,0.008813148,,,,,,,,,,,,,,,,,,,,,,,,,,,,,,,,,,,,,,,,,,,,,,,,,,,,,,,,,,,,,,,,,,,,,,,,,,,,,,,,,,,,,,,,,,,,,,,,,,,,,,,,,0.19420222800000003
2022-10-12 20:00:00,0.0,,,,,,,,,,,,,,,,,,,,,,,,,,,,,,,,,,,,,,,,,,,,,,,,,,,,,,,,,,,,,,,,,,,,,,,,,,,,,,,,,,,,,,,,,,,,,,,,,,,,,,,,,,,,,,,,,,,,,,,,,,,,,,,,,,,,,,,,,,,,,,,,,,,,,,,,,,,,,,,,,,,,,,,,0.0
2022-10-12 21:00:00,0.0,,,,,,,,,,,,,,,,,,,,,,,,,,,,,,,,,,,,,,,,,,,,,,,,,,,,,,,,,,,,,,,,,,,,,,,,,,,,,,,,,,,,,,,,,,,,,,,,,,,,,,,,,,,,,,,,,,,,,,,,,,,,,,,,,,,,,,,,,,,,,,,,,,,,,,,,,,,,,,,,,,,,,,,,0.0
2022-10-12 22:00:00,0.0,,,,,,,,,,,,,,,,,,,,,,,,,,,,,,,,,,,,,,,,,,,,,,,,,,,,,,,,,,,,,,,,,,,,,,,,,,,,,,,,,,,,,,,,,,,,,,,,,,,,,,,,,,,,,,,,,,,,,,,,,,,,,,,,,,,,,,,,,,,,,,,,,,,,,,,,,,,,,,,,,,,,,,,,0.0
2022-10-12 23:00:00,0.0,,,,,,,,,,,,,,,,,,,,,,,,,,,,,,,,,,,,,,,,,,,,,,,,,,,,,,,,,,,,,,,,,,,,,,,,,,,,,,,,,,,,,,,,,,,,,,,,,,,,,,,,,,,,,,,,,,,,,,,,,,,,,,,,,,,,,,,,,,,,,,,,,,,,,,,,,,,,,,,,,,,,,,,,0.0
2022-10-13 00:00:00,0.0,,,,,,,,,,,,,,,,,,,,,,,,,,,,,,,,,,,,,,,,,,,,,,,,,,,,,,,,,,,,,,,,,,,,,,,,,,,,,,,,,,,,,,,,,,,,,,,,,,,,,,,,,,,,,,,,,,,,,,,,,,,,,,,,,,,,,,,,,,,,,,,,,,,,,,,,,,,,,,,,,,,,,,,,0.0
2022-10-13 01:00:00,0.0,,,,,,,,,,,,,,,,,,,,,,,,,,,,,,,,,,,,,,,,,,,,,,,,,,,,,,,,,,,,,,,,,,,,,,,,,,,,,,,,,,,,,,,,,,,,,,,,,,,,,,,,,,,,,,,,,,,,,,,,,,,,,,,,,,,,,,,,,,,,,,,,,,,,,,,,,,,,,,,,,,,,,,,,0.0
2022-10-13 02:00:00,0.0,,,,,,,,,,,,,,,,,,,,,,,,,,,,,,,,,,,,,,,,,,,,,,,,,,,,,,,,,,,,,,,,,,,,,,,,,,,,,,,,,,,,,,,,,,,,,,,,,,,,,,,,,,,,,,,,,,,,,,,,,,,,,,,,,,,,,,,,,,,,,,,,,,,,,,,,,,,,,,,,,,,,,,,,0.0
2022-10-13 03:00:00,0.0,,,,,,,,,,,,,,,,,,,,,,,,,,,,,,,,,,,,,,,,,,,,,,,,,,,,,,,,,,,,,,,,,,,,,,,,,,,,,,,,,,,,,,,,,,,,,,,,,,,,,,,,,,,,,,,,,,,,,,,,,,,,,,,,,,,,,,,,,,,,,,,,,,,,,,,,,,,,,,,,,,,,,,,,0.0
2022-10-13 04:00:00,0.0,,,,,,,,,,,,,,,,,,,,,,,,,,,,,,,,,,,,,,,,,,,,,,,,,,,,,,,,,,,,,,,,,,,,,,,,,,,,,,,,,,,,,,,,,,,,,,,,,,,,,,,,,,,,,,,,,,,,,,,,,,,,,,,,,,,,,,,,,,,,,,,,,,,,,,,,,,,,,,,,,,,,,,,,0.0
2022-10-13 05:00:00,0.0,,,,,,,,,,,,,,,,,,,,,,,,,,,,,,,,,,,,,,,,,,,,,,,,,,,,,,,,,,,,,,,,,,,,,,,,,,,,,,,,,,,,,,,,,,,,,,,,,,,,,,,,,,,,,,,,,,,,,,,,,,,,,,,,,,,,,,,,,,,,,,,,,,,,,,,,,,,,,,,,,,,,,,,,0.0
2022-10-13 06:00:00,0.0,,0.0,0.0,0.0,,,0.0,,,0.0,0.0,,,,,0.0,0.0,0.0,,,,0.0,0.0,0.0,0.0,,0.0,,,,,,,,0.0,,0.0,,,0.0,,,,,,0.0,,,,0.0,0.0,,,,,,0.0,,,,0.0,0.0,,0.0,,0.0,0.0,,0.0,0.0,,,,0.0,,,0.0,,,,,0.0,0.0,0.0,0.0,,0.0,,,0.0,,0.0,,,0.0,0.0,0.0,0.0,,0.0,0.0,0.0,,,0.0,,0.0,0.0,0.0,0.0,,0.0,0.0,0.0,0.0,0.0,0.0,,0.0,,0.0,0.0,,0.0,,,,0.0,,,,,0.0,,0.0,0.0,0.0,,0.0,0.0,,,,,,,,,,,,0.0,,,,0.0,0.0,,,,,0.0,0.0,0.0,0.0,0.0,,0.0
2022-10-13 07:00:00,10.40596,,0.6549791,0.8297708,0.0,0.4619999,0.6657084,0.8947502,0.5476249,0.6144583,0.8541875,0.0,0.7173541,0.5133126,0.9611877,0.4966668,0.6401458,0.7589584,0.5441043,0.7356666,0.33475,0.5245417,0.5960833,0.5221666,0.6190208,0.5666667,0.6373749,0.6534375,0.5579376,0.6030625,0.4786666,0.4529791,0.5874375,0.4359167,0.5523124,0.4355416,0.3987708,0.5234584,0.0,0.4527916,0.4235625,0.4288334,0.4192708,0.5916458,0.811354,0.641625,0.4126041,1.036979,0.3298542,0.8210001,0.4304583,0.8187085,0.5308333,0.3861459,1.198104,0.9344167,0.6021459,1.136583,0.6927708,0.7156042,0.6659583,0.8431666,1.112604,1.261562,0.8900209,0.8557083,1.192833,0.0,1.396021,0.7644999,0.9987499,0.9704376,1.078687,1.081875,0.8857918,2.182021,1.953771,1.517375,1.674854,1.613646,1.785271,1.714083,2.145688,2.076146,1.812667,1.627,1.893958,1.486271,,1.616667,2.062646,,1.542375,1.292417,1.531417,1.497812,1.7085,0.9361666,1.367896,1.189562,1.552125,1.301146,1.643167,1.517313,1.780813,1.312979,1.580583,1.343729,1.346604,0.9877916,1.419375,0.5859584,1.517125,0.7383751,1.345771,0.8847291,1.293875,1.254229,1.451646,1.106375,1.607458,1.215104,1.150854,0.8137917,0.8707916,0.8777917,1.162354,0.9239791,0.9915208,1.097438,0.8784791,1.047438,1.505833,0.9956249,1.343917,1.048,0.9713126,0.9864792,0.9918333,0.5585001,0.8674166,0.7190834,0.8022708,0.734,0.8971459,0.5510001,1.099104,0.7316666,0.7989167,0.8670834,0.9360626,0.8760833,0.9851875,0.7794376,1.176125,0.8759584,1.161292,0.9377708,0.9513959,0.8660832,0.7993751,0.7209374,0.9908749,0.7865418,0.9409167,0.8036876,0.5640833,,156.63412599999998
2022-10-13 08:00:00,224.6039,,15.04223,17.96806,21.433341562500004,19.87527,20.17379,19.95008,19.98877,18.2155,20.86142,21.433341562500004,20.5585,15.39133,20.41019,13.26694,11.55942,18.81531,12.1494,20.26273,10.64621,17.21361,10.74979,9.363188,19.1336,7.857708,17.92515,5.569604,7.038542,17.74702,6.754478,6.275897,17.66433,7.637187,16.53229,7.798813,13.9824,8.589875,21.433341562500004,10.87229,13.24042,12.28121,13.11806,11.98,10.86052,18.91946,8.525416,16.32721,6.491043,7.325958,14.33858,8.621854,10.01548,12.53896,15.1731,15.87548,12.59292,17.97388,12.45923,17.0041,12.4065,13.54033,17.83536,16.8461,16.34113,18.29042,16.99591,21.433341562500004,17.22127,19.47985,19.75438,14.49504,19.14179,16.02862,18.29602,21.58881,21.57556,21.20069,21.38202,21.11465,21.58048,21.39408,21.947,21.79884,21.50152,21.03727,21.42341,21.11671,,20.89883,21.50006,,21.11183,20.96837,21.17321,21.37867,21.66331,20.54842,21.08409,20.67979,21.21523,20.49604,21.34392,21.03779,21.61554,20.98073,21.53138,21.42994,21.21352,20.56658,21.39661,20.16069,21.41039,20.32669,21.22588,20.63467,19.74671,20.77288,21.3081,20.89212,21.34931,21.00557,21.2419,20.47225,20.60142,19.83677,21.2935,20.04194,21.08632,21.00825,20.66098,20.25945,21.61336,20.76173,21.22544,20.01081,20.82896,21.14737,21.32346,20.21858,21.00531,20.58363,20.64841,20.63071,21.07594,19.97275,21.02392,19.20806,20.61048,20.84998,13.79102,20.36239,21.61242,20.89075,21.40937,19.53382,20.06519,21.02327,21.07394,20.95417,20.75575,20.18308,20.97462,20.41869,20.88527,20.76279,19.12629,21.433341562500004,2956.30230925
2022-10-13 09:00:00,525.4274,,40.62865,40.15029,40.8718675,40.0604,39.91919,39.71581,39.87367,39.03044,40.60581,40.8718675,40.60448,36.60125,40.02796,33.24242,32.32219,37.10917,32.20871,40.16067,34.28223,36.47069,32.46186,29.7121,39.38765,27.42064,39.29279,23.38115,29.33581,39.51484,27.5351,26.30183,39.54156,27.25321,38.79421,26.63873,33.76691,27.91125,40.8718675,30.49739,30.30593,35.96746,29.16429,31.82629,29.05714,38.96863,27.68421,33.48906,28.93246,29.00229,32.96377,27.67696,33.02913,35.82546,32.6786,34.11469,31.39581,34.78475,31.59694,34.33783,33.06923,35.55596,34.11694,39.3689,34.22377,39.65398,33.88079,40.8718675,34.13577,40.40788,40.20671,29.94654,39.00021,32.6671,38.49406,41.06821,40.98427,40.63173,40.87679,40.62465,41.14744,41.00144,41.54646,41.38113,41.23115,40.56327,40.98215,40.5219,,40.3264,40.90927,,40.13704,40.13725,40.39658,40.5974,40.92746,40.17204,40.50042,39.93248,40.41391,39.67496,40.51136,40.37598,40.967,40.60271,41.15054,40.93227,40.4655,40.08573,40.64242,39.95131,40.598,40.10921,40.52756,40.3211,37.72054,39.8444,40.62854,40.18715,40.49608,40.2671,40.49246,39.77421,40.13794,38.92204,40.78516,39.16923,40.68233,40.27992,40.62091,40.09206,40.77,40.09129,40.31258,39.12837,40.42879,40.57054,41.06187,39.69579,40.55694,39.86796,40.03196,40.07334,40.63133,39.58377,40.19838,37.21738,40.12852,40.16606,38.23367,39.55875,41.26704,40.31354,40.81115,37.63604,38.06387,40.42602,40.54002,40.48558,40.17248,39.64563,40.12629,39.64779,40.29242,39.8649,37.12725,40.8718675,6151.53194
2022-10-13 10:00:00,756.7318,,55.48558,54.76285,55.09841093750001,54.78384,54.5826,54.10466,54.60479,52.41329,55.14354,55.09841093750001,55.30342,53.62625,54.40585,52.95467,49.70211,50.69446,37.902,55.0616,53.55035,50.39328,52.12312,46.90283,54.19077,49.73152,54.21731,49.5349,49.18444,54.48325,47.63077,45.56694,54.45175,44.83287,53.58348,46.12438,46.78923,44.86092,55.09841093750001,47.63579,41.6754,51.4766,40.97473,50.69396,46.91191,53.9384,48.68646,46.14592,49.74027,45.54015,45.53121,45.84423,50.79641,50.39286,45.07179,52.88279,47.798,47.23433,48.80582,46.97023,47.41,52.62666,46.26267,53.13107,46.47269,53.83496,46.11608,55.09841093750001,46.6591,55.08535,54.79113,41.52023,53.15098,44.89621,53.97923,55.10913,54.96917,54.64508,54.9185,54.71143,55.31464,55.18923,55.82054,55.59123,55.61256,54.56654,55.1726,54.49116,,54.30106,54.97615,,53.96608,54.10331,54.41915,54.62877,54.85206,54.26846,54.48479,53.76056,54.31236,53.56369,54.33215,54.25398,54.947,54.63583,55.39788,55.08854,54.5291,54.30087,54.66077,54.23763,54.65448,54.34911,54.65916,54.52329,50.78827,53.61202,54.69087,54.23264,54.40725,54.27744,54.50225,53.89525,54.29767,53.12408,54.93729,53.39802,54.86025,54.534,54.83408,54.33432,54.47828,54.31971,54.2518,53.28833,54.70677,54.70085,55.43029,54.11473,54.83948,54.08015,54.04204,54.45919,54.81752,53.80873,54.16164,50.49296,54.31908,54.36771,46.94035,53.58296,55.50438,54.51406,54.80483,50.79802,51.13358,54.79098,54.8409,54.87546,54.42646,53.9686,54.16673,53.55919,54.48433,53.9776,50.56775,55.09841093750001,8543.42006375
2022-10-13 11:00:00,918.2734,,61.22196,60.99702,61.2199390625,61.71527,61.15946,60.14864,61.04836,59.42758,61.03989,61.2199390625,60.90792,61.12309,60.01823,60.92661,60.644,58.38786,43.81208,61.33689,61.06402,58.57066,61.01652,60.92552,60.88377,60.81654,61.15916,61.02027,60.54365,61.12912,60.51806,59.06552,61.67973,57.8511,60.88071,59.38158,54.45834,58.25879,,57.98979,49.00756,60.41725,48.1539,59.81817,58.23542,60.99287,60.92068,53.4664,60.95785,59.09471,52.92192,59.36312,60.17004,59.04625,52.63867,60.85852,60.72746,54.35996,59.25075,53.93952,59.42952,60.53959,53.14838,59.86765,51.12698,58.63781,53.331,,54.09954,61.3605,61.16142,48.46269,60.83556,52.48996,60.97529,60.169,61.22977,61.0154,60.95025,60.89725,60.99521,61.04681,61.41339,60.13269,61.00165,61.03339,61.06048,61.03891,,60.01456,60.94152,,60.73746,60.81631,60.89077,61.12683,59.17277,60.96177,61.34598,60.58789,60.98383,60.6124,61.02398,60.99727,61.43977,60.98792,61.16606,60.97427,61.01458,61.30075,61.02552,61.0789,61.06017,60.99028,61.03894,61.21584,58.14823,60.64992,60.79836,60.82862,59.33823,61.02158,60.96394,60.88921,61.04923,60.56454,45.55803,60.80121,61.21219,61.06696,60.89019,61.12221,60.1345,60.90385,60.65461,59.81656,61.06285,60.94871,61.08511,61.03908,60.98621,60.85769,61.02104,61.33212,61.14525,60.77,59.92162,58.16444,61.08839,60.99298,49.56873,59.84248,60.91679,61.0365,60.85579,58.17806,58.58429,59.99848,60.99171,60.76925,61.09125,60.77296,60.79565,60.66306,61.28316,60.86273,58.35467,61.2199390625,9590.258258124999
2022-10-13 12:00:00,1003.752,,61.28017,61.07814,61.4998215625,61.95927,61.32944,60.21581,61.21313,56.97517,61.09527,61.4998215625,60.94554,61.48504,60.03083,61.3315,61.12575,59.69865,49.99538,61.46467,61.35769,60.03994,61.27512,61.31521,61.08485,61.34541,61.37525,55.06856,61.44375,61.30433,61.26247,61.35583,61.9851,61.22031,61.24286,61.52144,56.32467,61.36421,,61.15916,50.77404,61.33981,50.67129,61.35708,60.0264,61.30963,61.59544,55.32752,61.89344,60.20393,55.17427,60.14246,61.53646,61.24506,54.84675,61.42989,61.42035,56.07352,55.16646,55.6839,61.42344,61.23415,54.43594,60.14771,45.905,37.66648,55.33344,,56.09567,61.46556,61.298,50.53406,61.53337,54.64952,61.23414,60.16452,61.32721,61.16648,61.00971,60.98742,61.03144,61.11013,61.44967,60.12929,61.04448,61.15908,61.13417,61.17888,,60.026,60.99694,,60.97146,61.06261,61.04925,61.29825,59.17504,61.17398,61.60667,60.82784,61.15677,60.87527,61.19433,61.21017,61.54607,61.10479,61.23066,61.04161,61.18235,61.614,61.13577,61.34438,61.21209,61.21296,61.17564,61.44563,59.01256,60.9954,60.88258,61.05494,59.37512,61.27052,61.13346,61.24079,61.28014,61.10479,45.86748,61.22311,61.38079,61.24052,61.00142,61.37017,60.16885,61.10654,60.76508,59.95887,61.2151,61.07579,61.15114,61.36175,61.10838,61.15707,61.36136,61.64417,61.29438,61.17411,59.96346,59.88544,61.35567,61.24688,50.63261,59.96452,60.96733,61.25581,60.95256,59.19567,59.52298,60.01019,61.09066,60.85415,61.30302,61.06425,60.97677,61.13025,61.54565,61.20467,60.14812,61.4998215625,9646.453793125
2022-10-13 13:00:00,990.7644,,61.3241,61.10421,61.649035000000005,61.95144,61.3845,60.21567,61.28313,61.36863,61.12002,61.649035000000005,60.96477,61.54831,60.03262,61.40266,61.16241,58.43085,49.68306,61.50008,61.43558,58.86015,61.31029,61.36529,61.1329,61.40145,61.42316,61.51519,61.48881,61.35271,61.30871,61.17596,61.98904,60.44983,61.30027,61.31471,55.45037,61.08613,,60.03598,49.74148,61.36829,49.79612,61.15781,59.81564,61.3591,61.64471,54.33662,61.75166,60.16589,54.19881,60.14644,61.25656,60.43242,53.75577,61.4825,61.43554,54.8021,45.6627,54.53996,61.3839,61.1431,53.30073,60.14879,44.95185,55.92594,54.20214,,55.07954,61.52058,61.34879,49.85056,61.52152,53.62021,61.26927,60.1669,61.35883,60.69283,61.04916,60.5185,61.06433,60.64004,61.06087,60.13665,61.09528,61.21533,61.18908,60.75058,,60.02569,61.03906,,60.95877,60.6009,61.09042,61.34054,59.19625,60.6786,61.12357,60.83887,60.64327,60.2831,61.15106,60.69375,61.47725,61.15208,61.26625,60.69609,60.70435,61.63775,61.16367,60.65677,61.24521,60.86546,60.68869,60.98031,57.31156,63.49807,60.40406,60.67594,59.40588,60.53123,61.14814,61.2061,61.3285,60.50146,44.39506,60.71817,61.44344,61.26919,61.05762,60.90083,60.16906,61.15015,60.27015,59.96458,61.25798,61.10032,61.20115,61.41119,60.65306,61.19729,60.97728,61.6706,60.63506,61.21987,59.96862,64.02174,61.39458,60.77806,34.41831,59.9721,61.01379,61.29231,60.96829,57.6715,58.06563,60.04935,61.14346,60.8806,61.37279,61.12663,61.01706,61.09687,61.59977,61.24442,58.62069,61.649035000000005,9616.81377
2022-10-13 14:00:00,909.3525,,60.05652,59.246,59.91760343749999,59.25223,59.44038,58.74511,59.56966,40.78535,59.68042,59.91760343749999,59.95019,59.98208,58.97752,59.77665,59.34912,55.33402,47.90127,60.26723,60.69506,55.8979,60.69219,60.69177,59.75804,60.51408,60.14762,60.7309,60.03369,60.20835,59.78712,57.50917,59.73994,56.57313,59.44917,57.96856,52.20108,56.92073,,55.54675,46.68621,58.64011,46.09634,42.30594,55.71125,59.44448,58.8456,50.88698,58.14458,57.11286,50.59167,58.4916,57.14531,56.23138,49.63237,58.82014,58.14054,51.25502,43.05075,50.96773,58.45877,58.07283,50.38963,57.76983,42.38396,40.49669,50.86183,,51.97486,60.36594,60.15669,47.26704,58.67831,50.55554,59.93206,58.73369,58.7931,58.6618,58.80696,58.97638,59.26669,59.45263,59.85387,59.26837,59.66646,58.94208,59.33892,58.76046,,58.35836,59.019,,57.93506,58.20802,58.47231,58.783,58.16457,58.59917,58.39992,57.94771,58.28444,57.80289,58.19779,58.38261,58.69548,58.80573,59.61586,59.15767,58.63186,58.74369,58.6045,58.66739,58.67915,58.73938,58.74791,58.84386,54.42931,57.61594,58.65234,58.38221,58.12671,58.25304,58.58537,57.99411,58.63617,57.54044,42.24527,58.16154,59.02571,58.86317,58.9771,58.76923,58.32767,58.7286,58.32792,57.59677,59.17817,59.03373,59.56332,58.64175,59.27311,58.29279,58.37779,50.52777,59.02254,58.10552,58.14716,54.56477,58.64231,58.43457,29.69696,57.43114,59.4529,58.58575,58.72488,54.46858,54.91285,58.7285,59.21088,58.97683,58.91758,58.41444,58.487,57.80437,58.93723,58.10204,54.73235,59.91760343749999,9172.415986875001
2022-10-13 15:00:00,762.764,,51.17302,50.26652,51.27834000000001,50.47398,50.52571,50.15473,50.69704,22.12485,50.8159,51.27834000000001,51.26411,51.5184,50.54514,51.18996,50.89296,47.07456,41.15854,51.56827,52.53927,47.77423,52.7039,52.71164,51.19852,52.58815,51.60175,52.74916,51.50763,51.54685,51.38119,49.09217,51.25035,47.98479,50.64669,49.07377,44.54923,48.13973,,47.11748,39.65994,49.60183,39.01392,48.43342,46.68125,50.51788,49.46859,43.16094,49.0724,47.99662,42.86123,49.45625,48.04023,46.91754,41.7495,49.38235,48.9679,43.25575,36.39321,42.87339,49.48909,48.97633,42.63396,48.76244,35.9341,30.98102,43.13283,,44.23679,51.41102,51.23246,40.54877,49.80219,43.14989,51.1065,50.09518,49.4634,49.6924,49.81802,49.8554,50.19286,50.35419,50.85379,50.67273,50.65419,49.81767,50.31817,49.60273,,49.5525,49.95071,,48.98517,49.15202,49.52892,49.68754,49.62171,49.56456,49.47675,48.91558,49.26919,48.70375,49.26038,49.36331,49.78827,49.74783,50.51779,50.12596,49.67592,49.75125,49.62746,49.59125,49.74571,49.72823,49.73992,49.80169,46.14265,48.71587,49.64717,49.35838,49.46233,49.24279,49.64548,49.15494,49.65581,48.6359,35.81454,49.05613,50.06531,49.84485,49.99129,49.82408,49.59067,49.7409,49.34775,48.65358,50.0579,50.12239,50.70181,49.49187,50.34435,49.39013,49.62498,48.46735,50.12735,49.25646,49.47427,46.24548,49.74723,49.46188,25.12121,48.88184,50.6231,49.74058,49.91923,46.25112,46.64244,49.95371,50.19652,50.05696,49.89275,49.3416,49.58281,48.9249,50.00975,49.18248,46.22929,51.27834000000001,7789.97666
2022-10-13 16:00:00,537.2386,,35.84302,35.07113,36.0733778125,35.42567,35.34983,35.15402,35.53217,33.46506,35.53886,36.0733778125,35.91329,36.62642,35.56096,36.30671,36.24102,33.00158,29.35673,36.2396,37.53917,33.69682,37.7625,37.86084,36.07371,37.83731,36.5021,34.50504,36.82048,36.3225,36.72546,34.9399,36.0499,33.80442,35.76395,34.58356,31.40579,33.34733,,32.40612,27.74706,34.77264,27.27617,33.85575,32.54498,35.1651,34.54265,30.40173,34.22004,33.1219,29.95218,34.38421,33.32081,32.10704,28.9449,34.25652,34.02625,30.03915,33.62413,29.67115,34.74223,34.23719,29.69867,34.13137,25.11696,34.88713,30.24748,,31.16056,35.9329,35.86654,28.85509,34.98131,30.58673,35.95996,34.97521,34.27323,34.61275,34.60219,34.66042,34.80106,35.025,35.3684,35.19779,35.12898,34.67709,34.99302,34.47548,,34.49112,34.65648,,34.0834,34.21871,34.50146,34.68177,34.52833,34.59123,34.4485,34.05342,34.26367,33.83117,34.30006,34.44546,34.70296,34.66058,35.18752,34.96279,34.64877,34.75277,34.5951,34.58554,34.6879,34.75356,34.60519,34.74044,32.19023,33.98844,34.54456,34.41096,34.47298,34.33508,34.59273,34.28754,34.59196,33.76215,25.04888,34.14073,34.96592,34.78779,34.84637,34.85571,34.75921,34.79844,34.36467,33.86158,34.96109,34.91473,35.31039,34.44613,35.03696,34.43589,34.60658,34.9024,34.87989,34.27823,34.43821,32.24373,34.63688,34.42485,17.63144,34.12681,35.37,34.89427,34.84031,32.28585,32.59548,34.78308,34.94554,34.94093,34.71381,34.31064,34.53685,34.22683,34.87692,34.25386,32.15698,36.0733778125,5484.478215625
2022-10-13 17:00:00,257.3945,,15.92596,15.49931,16.461149687500004,15.78577,15.8219,15.76791,15.93785,16.237,15.86554,16.461149687500004,16.05515,17.09296,16.05804,16.8179,16.8789,14.78169,13.78396,16.36408,17.66994,15.34421,17.86194,17.99187,16.38817,18.13017,16.76977,12.89894,17.41936,16.55958,17.2471,16.27246,16.39794,15.5886,16.33154,15.74873,14.36427,14.80131,,14.3405,12.37323,15.67015,12.20877,15.24675,14.49173,15.70852,15.47127,13.82935,15.09229,14.28546,13.34646,15.16631,14.50169,13.90906,12.5066,15.12646,14.76594,13.17135,15.78777,12.99192,15.55142,15.1355,13.047,15.13933,13.34179,15.51266,13.53473,,14.19444,15.96542,15.97286,13.39994,15.72506,14.09196,16.19963,15.3426,14.8274,15.10023,14.95927,15.10867,15.07575,15.35533,15.53187,15.47364,15.2465,15.12269,15.29392,15.05602,,15.08535,15.02098,,14.70431,14.98067,14.93196,15.32536,14.86006,15.22294,15.011,14.88065,14.86831,14.73229,14.92744,15.16475,15.18219,15.14727,15.44221,14.98229,14.85683,15.38313,14.76265,15.15458,14.94646,15.32815,14.86131,15.28525,13.8351,14.96817,14.75833,15.07542,14.90617,15.03473,15.03489,15.07513,14.98742,14.59323,11.03496,14.8915,15.1729,15.32858,14.937,15.48054,15.03598,15.3701,14.64787,14.78965,15.46656,15.31627,15.54489,15.17992,15.397,15.17779,15.19352,15.49017,15.19102,15.01746,14.99433,14.24327,15.06508,15.11554,8.330312,14.94302,15.60885,15.55642,15.37642,14.32742,14.41354,15.30515,15.32765,15.40979,15.20235,14.93196,15.11375,15.09581,15.39933,15.04902,14.14896,16.461149687500004,2433.617961375
2022-10-13 18:00:00,11.70679,,0.8776041,0.7840624,0.0,1.199667,0.9273332,1.249833,1.243806,1.004708,0.9069376,0.0,0.8647083,1.150896,1.000417,1.073708,1.064771,0.8213541,0.9611875,0.9852501,1.170813,0.9120834,1.219562,1.202604,0.8685,1.2825,0.9701666,1.020604,1.212583,0.9181666,1.110146,1.022729,0.8972916,0.9867083,0.8714792,1.421583,0.7273957,0.9202709,,1.122694,0.5364999,0.8629376,0.5381876,0.9088959,0.8714793,0.6966042,0.8472499,0.7126251,0.7796043,0.8341876,0.6205208,0.9568614,0.77425,0.7020416,0.7806127,0.8323125,0.6971041,0.5956042,0.8823543,0.6679584,0.8621666,0.8318125,0.5991042,0.9856629,0.7359166,0.9080833,0.9005557,,0.8508542,0.8940833,0.8987917,0.7769791,0.9456667,0.7957917,0.944,0.6562293,0.7027501,0.444125,0.4015625,0.5564792,0.4001666,0.6506251,0.6156042,0.7708334,0.4727709,0.6188749,0.5170417,0.6629376,,0.6898333,0.5042709,,0.322375,0.4714999,0.3657291,0.6016876,0.3072292,0.5261667,0.4228126,0.4860625,0.3841458,0.5094582,0.4113334,0.6110001,0.4491249,0.5733749,0.6338124,0.3456875,0.3494792,0.5031043,0.3389167,0.4152291,0.4100001,0.4664166,0.3386875,0.4973334,0.361375,0.4714792,0.3008541,0.4556251,0.3685625,0.4725625,0.3854792,0.6144792,0.3325833,0.5737708,0.4856458,0.5808333,0.3681667,0.5778334,0.283,0.6430833,0.4665208,0.4852291,0.2813542,0.52425,0.5264375,0.4675625,0.5056041,0.9732223,0.4910417,0.9616112,0.4424793,0.8551043,0.4241042,0.6860209,0.3846874,0.6461875,0.3603124,0.6419168,0.4752788,0.6778958,0.748,0.8023958,0.5602499,0.7414582,0.5951458,1.065556,0.5602918,0.7740625,0.5514167,0.6764375,0.5050833,0.7731041,0.8352778,0.7426042,0.7371042,,111.6265969
2022-10-13 19:00:00,0.0,,,,,,,,,,,,,,,,,,,,,,,,,,,0.059,,,,,,,,,,,,,,,,,,,,,,,,,,,,,,,,,,,,,,,,,,,,,,,,,,,,,,,,,,,,,,,,,,,,,,,,,,,,,,,,,,,,,,,,,,,,,,,,,,,,,,,,,,,,,,,,,,,,,,,,,,,,,,,,,,,,,,,,,,,,,0.059
2022-10-13 20:00:00,0.0,,,,,,,,,,,,,,,,,,,,,,,,,,,,,,,,,,,,,,,,,,,,,,,,,,,,,,,,,,,,,,,,,,,,,,,,,,,,,,,,,,,,,,,,,,,,,,,,,,,,,,,,,,,,,,,,,,,,,,,,,,,,,,,,,,,,,,,,,,,,,,,,,,,,,,,,,,,,,,,,,,,,,,,,0.0
2022-10-13 21:00:00,0.0,,,,,,,,,,,,,,,,,,,,,,,,,,,,,,,,,,,,,,,,,,,,,,,,,,,,,,,,,,,,,,,,,,,,,,,,,,,,,,,,,,,,,,,,,,,,,,,,,,,,,,,,,,,,,,,,,,,,,,,,,,,,,,,,,,,,,,,,,,,,,,,,,,,,,,,,,,,,,,,,,,,,,,,,0.0
2022-10-13 22:00:00,0.0,,,,,,,,,,,,,,,,,,,,,,,,,,,,,,,,,,,,,,,,,,,,,,,,,,,,,,,,,,,,,,,,,,,,,,,,,,,,,,,,,,,,,,,,,,,,,,,,,,,,,,,,,,,,,,,,,,,,,,,,,,,,,,,,,,,,,,,,,,,,,,,,,,,,,,,,,,,,,,,,,,,,,,,,0.0
2022-10-13 23:00:00,0.0,,,,,,,,,,,,,,,,,,,,,,,,,,,,,,,,,,,,,,,,,,,,,,,,,,,,,,,,,,,,,,,,,,,,,,,,,,,,,,,,,,,,,,,,,,,,,,,,,,,,,,,,,,,,,,,,,,,,,,,,,,,,,,,,,,,,,,,,,,,,,,,,,,,,,,,,,,,,,,,,,,,,,,,,0.0
2022-10-14 00:00:00,0.0,,,,,,,,,,,,,,,,,,,,,,,,,,,,,,,,,,,,,,,,,,,,,,,,,,,,,,,,,,,,,,,,,,,,,,,,,,,,,,,,,,,,,,,,,,,,,,,,,,,,,,,,,,,,,,,,,,,,,,,,,,,,,,,,,,,,,,,,,,,,,,,,,,,,,,,,,,,,,,,,,,,,,,,,0.0
2022-10-14 01:00:00,0.0,,,,,,,,,,,,,,,,,,,,,,,,,,,,,,,,,,,,,,,,,,,,,,,,,,,,,,,,,,,,,,,,,,,,,,,,,,,,,,,,,,,,,,,,,,,,,,,,,,,,,,,,,,,,,,,,,,,,,,,,,,,,,,,,,,,,,,,,,,,,,,,,,,,,,,,,,,,,,,,,,,,,,,,,0.0
2022-10-14 02:00:00,0.0,,,,,,,,,,,,,,,,,,,,,,,,,,,,,,,,,,,,,,,,,,,,,,,,,,,,,,,,,,,,,,,,,,,,,,,,,,,,,,,,,,,,,,,,,,,,,,,,,,,,,,,,,,,,,,,,,,,,,,,,,,,,,,,,,,,,,,,,,,,,,,,,,,,,,,,,,,,,,,,,,,,,,,,,0.0
2022-10-14 03:00:00,0.0,,,,,,,,,,,,,,,,,,,,,,,,,,,,,,,,,,,,,,,,,,,,,,,,,,,,,,,,,,,,,,,,,,,,,,,,,,,,,,,,,,,,,,,,,,,,,,,,,,,,,,,,,,,,,,,,,,,,,,,,,,,,,,,,,,,,,,,,,,,,,,,,,,,,,,,,,,,,,,,,,,,,,,,,0.0
2022-10-14 04:00:00,0.0,,,,,,,,,,,,,,,,,,,,,,,,,,,,,,,,,,,,,,,,,,,,,,,,,,,,,,,,,,,,,,,,,,,,,,,,,,,,,,,,,,,,,,,,,,,,,,,,,,,,,,,,,,,,,,,,,,,,,,,,,,,,,,,,,,,,,,,,,,,,,,,,,,,,,,,,,,,,,,,,,,,,,,,,0.0
2022-10-14 05:00:00,0.0,,,,,,,,,,,,,,,,,,,,,,,,,,,,,,,,,,,,,,,,,,,,,,,,,,,,,,,,,,,,,,,,,,,,,,,,,,,,,,,,,,,,,,,,,,,,,,,,,,,,,,,,,,,,,,,,,,,,,,,,,,,,,,,,,,,,,,,,,,,,,,,,,,,,,,,,,,,,,,,,,,,,,,,,0.0
2022-10-14 06:00:00,0.0,,,,,,,,,,,0.0,,,,0.0,,,,,0.0,,,,0.0,,,,,,,,,,,0.0,,,,,,,,0.0,,,,,,,0.0,,,,,,0.0,,,,,,,,,,,,,,,,,,,,,0.0,0.0,,0.0,0.0,,0.0,,,,,,0.0,,,,0.0,,,,,,0.0,,,0.0,,,,,,,,,,,,,,,,,0.0,0.0,,,,,,,,,,0.0,,0.0,0.0,,,0.0,,,,,,,,,,,,,,,,,,,,,,,,0.0,,,,,,0.0,,0.0
2022-10-14 07:00:00,9.544156,,0.5951666,0.76625,0.0,0.4043124,0.5783751,0.8496668,0.4779792,0.5551041,0.7492083,0.0,0.5939583,0.4670416,0.8588542,0.4493333,0.5699376,0.6203958,0.5138541,0.5891876,0.306125,0.4683751,0.5619166,0.4970626,0.5337501,0.5191876,0.5701249,0.6253541,0.5196458,0.5436457,0.4531249,0.4158126,0.537625,0.4138542,0.5147499,0.387875,0.3481667,0.4870833,,0.4133124,0.3568333,0.3838125,0.3589583,0.5302917,0.7357917,0.5073126,0.3681875,0.8843126,0.2953125,0.7427918,0.3961458,0.739146,0.4721667,0.3160625,0.9869374,0.7451875,0.4813125,0.8685833,0.5909167,0.5932709,0.5835418,0.7166458,0.8826457,1.072958,0.7051666,0.7017918,0.9401042,,1.137792,0.6428541,0.8161251,0.7852708,0.9164166,0.8625416,0.7854584,1.937437,1.700208,1.231396,1.359104,1.273271,1.461354,1.385875,1.822688,1.774854,1.505854,1.411771,1.609333,1.254396,,1.311042,1.80225,,1.276625,1.007938,1.275479,1.228167,1.453792,0.7745625,1.146229,1.024042,1.336438,1.031896,1.443646,1.188313,1.527688,1.012896,1.2195,1.017917,1.025479,0.7869167,1.084396,0.4555624,1.190208,0.5743957,1.075333,0.6921043,1.043229,1.001646,1.170146,0.8586875,1.308917,0.9571874,0.8885834,0.6145625,0.6246875,0.6718749,0.8608959,0.7126251,0.7302499,0.8400417,0.6564167,0.7969583,1.242333,0.7520625,1.031042,0.8459792,0.7913333,0.8112292,0.8031458,0.4284791,0.6714376,0.5727499,0.6295001,0.5631251,0.7041667,0.3939793,0.8797084,0.5694584,0.576875,0.6542292,0.7589793,0.6756042,0.8533543,0.6539792,1.003625,0.7488749,0.9864792,0.8098957,0.7871249,0.7336043,0.6232709,0.5920209,0.8106667,0.6663959,0.7893333,0.6881875,0.4253749,,129.61273309999999
2022-10-14 08:00:00,223.4213,,14.46427,17.44158,21.325015937499998,19.42373,19.73471,19.56091,19.62969,17.85675,20.49169,21.325015937499998,20.10769,15.04389,19.99392,12.94258,11.34321,18.53963,12.03346,19.94263,10.39244,17.03127,10.3834,9.167895,18.79858,7.813251,17.72723,6.407917,6.622416,17.62104,6.425812,6.028626,17.18702,7.158937,16.32163,7.221666,13.51579,7.955855,,10.30954,12.74269,11.74585,12.70781,11.42102,10.7195,18.5575,8.481188,16.13821,6.359876,6.776333,14.01633,8.219127,9.314751,11.7116,14.69544,15.32115,12.48023,17.71787,12.18488,16.85894,12.10452,13.08954,17.70864,15.99558,15.94446,17.93846,16.62331,,17.00079,19.10294,19.45194,14.29756,18.88119,15.80998,18.22025,21.50565,21.46664,21.10304,21.3199,20.94958,21.50654,21.18571,21.90144,21.61677,21.35202,20.85917,21.31606,20.85146,,20.78571,21.40906,,21.01341,20.77138,21.06313,21.15546,21.57779,20.406,21.04766,20.46275,21.12958,20.26783,21.29875,20.85446,21.53371,20.78239,21.26665,21.32006,21.0985,20.35792,21.28175,19.86817,21.23616,20.03815,21.13777,20.35665,19.67117,20.48619,21.19481,20.64852,21.25481,20.86429,21.18406,20.21613,20.53365,19.58611,21.21386,19.78808,21.00871,20.76256,20.55964,19.97511,21.54887,20.51135,21.07419,19.82561,20.54281,21.06975,21.19521,19.91363,20.84021,20.34954,20.57779,20.3211,20.98819,19.67652,20.97212,18.99444,20.54061,20.63461,14.39931,20.10883,21.57421,20.6125,21.37173,19.35089,19.99881,20.7456,20.97015,20.69936,20.59504,19.92169,20.85146,20.22004,20.78854,20.48829,18.7575,21.325015937499998,2876.063171875
2022-10-14 09:00:00,525.1848,,40.09525,39.69093,40.369927499999996,39.59436,39.42198,39.31969,39.44219,38.59417,40.13627,40.369927499999996,40.11221,36.26983,39.53114,32.9095,31.84619,36.66017,31.60592,39.67883,33.45375,36.05685,32.23988,29.5081,38.93706,26.95404,38.78771,30.05563,28.99725,39.04969,27.33621,25.75098,39.06364,26.44939,38.32164,25.97685,33.33265,27.27481,,29.90969,29.92481,35.41542,28.762,31.36738,28.76233,38.51334,27.39369,33.07664,28.17146,28.45864,32.53427,27.25756,31.89973,35.08848,32.15096,33.60537,31.10538,34.36577,31.00233,33.85661,32.64546,34.33456,33.63662,38.87392,33.79541,39.18146,33.41033,,33.63925,39.90731,39.70725,29.47783,38.50458,32.21573,37.86488,40.5201,40.59252,40.11171,40.34502,40.15752,40.63277,40.51741,41.042,40.91262,40.65969,40.09667,40.43246,40.06023,,39.86594,40.32616,,39.62381,39.63471,39.8785,40.082,40.41273,39.68433,39.958,39.42977,39.86519,39.16684,40.00021,39.85944,40.4184,40.05871,40.64821,40.40889,39.97671,39.66448,40.112,39.49408,40.06142,39.65202,40.0504,39.83367,37.25198,39.34823,40.10767,39.70667,39.95775,39.79948,40.02079,39.32646,39.63789,38.47865,40.28537,38.71783,40.14652,39.83161,40.09598,39.67752,40.28159,39.65877,39.77052,38.71796,40.01694,40.10804,40.58781,39.24685,40.05587,39.48925,39.58473,39.6515,40.16016,39.16154,39.74119,36.83758,39.66946,39.73552,29.14996,39.13908,40.87306,39.88267,40.38083,37.24869,37.63469,40.02837,40.12004,40.05652,39.73352,39.21363,39.68267,39.23333,39.87773,39.49725,36.71008,40.369927499999996,5990.586205
2022-10-14 10:00:00,763.5559,,55.74398,55.03379,55.6068178125,55.0215,54.77687,54.36877,54.88429,51.45075,55.41256,55.6068178125,55.54481,53.85033,54.65773,53.00702,50.25156,50.93448,40.57725,55.34733,53.78238,50.68025,52.42208,47.20731,54.50959,49.6787,54.519,53.0029,49.37212,54.80344,47.93764,45.78308,54.77883,44.91256,53.87106,46.35558,47.02315,45.06856,,47.71823,42.18671,51.68894,41.15502,50.87965,47.24733,54.25342,48.8461,46.38008,49.98992,45.76219,45.77066,45.83631,50.63196,50.61708,45.20146,53.15012,48.23346,47.50409,48.9636,47.16969,47.66336,52.70008,46.51437,53.41377,46.80883,54.1451,46.42252,,47.02098,55.34281,55.0499,41.71298,53.39312,45.34264,54.26442,55.63492,55.67265,55.19538,55.44983,55.45319,55.89744,55.90975,56.432,56.22009,56.14496,55.29204,55.73221,55.19023,,54.95508,55.3611,,54.45756,54.67213,54.89752,55.19994,55.29673,54.89967,54.97465,54.40311,54.77763,54.19127,54.84158,54.9435,55.45356,55.33379,56.11283,55.61256,55.04209,54.89723,55.15458,54.80594,55.11179,54.92717,55.18088,55.08957,51.24375,54.16544,55.17473,54.79629,54.84275,54.88177,55.04029,54.40238,54.80167,53.59925,53.41823,53.87777,55.36285,55.0366,55.3416,54.87067,54.98902,54.87965,54.72414,53.84796,55.31706,55.27785,55.97715,54.55323,55.35417,54.56098,54.60148,54.86835,55.35565,54.29842,54.70275,50.96833,54.87425,54.8595,51.17365,54.08648,56.1314,54.91367,55.41229,51.22146,51.67062,55.28167,55.45536,55.3095,55.01546,54.37258,54.74487,53.99806,55.10431,54.48871,50.97715,55.6068178125,8505.807155625
2022-10-14 11:00:00,928.3511,,61.22813,61.05546,61.28550625,61.71752,61.17344,60.03685,61.11725,59.36452,61.04156,61.28550625,60.86971,61.2271,60.09379,61.03192,60.75637,58.86267,49.85614,61.34816,61.12408,59.07462,61.11319,61.06548,60.96212,60.92177,61.25148,61.13769,60.69764,61.20887,60.67696,59.37952,61.77725,58.30046,61.02273,59.71127,54.90042,58.66008,,58.3451,49.40508,60.55544,48.61402,59.98534,58.59456,61.13902,60.97694,53.89729,61.05835,59.33838,53.43044,59.40414,60.39031,59.44583,53.1274,60.96898,60.87723,54.77642,53.42382,54.50754,59.61825,60.67194,53.49796,59.87067,51.75911,46.90617,53.68662,,54.45269,61.3889,61.21454,48.70492,60.98946,52.73825,61.03512,60.16731,61.28141,61.02479,60.94977,60.96537,61.03896,61.05425,61.46938,60.18979,60.97258,61.06987,61.07656,61.06471,,60.08679,60.94046,,60.78709,60.88223,60.91881,61.16911,59.17304,61.03252,61.356,60.67239,60.95321,60.68527,61.02498,61.05977,61.41002,61.0334,61.18948,61.00883,61.07658,61.44534,61.04789,61.19648,61.06646,61.08308,61.0954,61.29027,58.37496,60.74715,60.83413,60.92548,59.3251,61.13704,61.06946,61.01661,61.11629,60.7056,45.06271,60.9251,61.26002,61.13152,60.93304,61.21875,60.1646,61.00571,60.65765,60.05983,61.17531,61.01413,61.10871,61.14296,60.99773,60.98581,61.1426,61.38927,61.22463,60.9259,60.03093,58.60556,61.20284,61.09687,48.65227,60.0409,60.973,61.11546,60.92191,58.59473,58.84575,60.07058,61.04858,60.81527,61.19737,60.89241,60.8844,60.827,61.42582,61.04462,58.80483,61.28550625,9598.0120125
2022-10-14 12:00:00,1016.722,,61.26681,61.07235,61.49743375,61.83569,61.27075,60.03208,61.20356,61.29792,61.06152,61.49743375,60.88287,61.46704,60.08894,61.32727,61.08867,60.16481,51.81086,61.41492,61.32294,60.52815,61.26752,61.36588,61.07742,61.32106,61.37133,61.44669,61.4376,61.31335,61.27959,61.32621,61.98563,61.4239,61.26804,61.47998,56.77352,61.35408,,61.29754,51.15621,61.32954,51.16473,61.3159,60.14254,61.34223,61.57359,55.72443,61.89005,60.09187,55.46025,60.08689,61.52681,61.28612,55.1056,61.45848,61.45931,56.30377,46.71283,55.96973,61.42504,61.23123,54.50048,60.02765,45.99065,29.80956,55.40873,,56.17683,61.464,61.29346,50.47917,61.51648,54.70467,61.18273,60.16606,61.36277,61.16489,61.00283,61.01006,61.05575,61.09766,61.48433,60.1921,60.99669,61.14781,61.12506,61.17373,,60.08767,60.99542,,60.96219,61.02292,61.0421,61.27154,59.16758,61.16985,61.59948,60.82446,61.11963,60.85939,61.20321,61.1949,61.54094,61.08871,61.21202,61.03104,61.18929,61.63329,61.11444,61.35315,61.16258,61.20327,61.17517,61.42985,59.49727,60.9695,60.87867,61.04042,59.36329,61.28073,61.15387,61.21233,61.26925,61.0925,46.21787,61.20308,61.36073,61.18231,60.99488,61.37556,60.16425,61.10879,60.71606,60.14448,61.23752,61.05956,61.14079,61.32208,61.04352,61.15754,61.35508,61.58181,61.29796,61.17118,60.02244,60.44348,61.37391,61.23329,33.77031,60.087,61.00625,61.22938,60.93192,59.63227,59.87002,60.08877,61.09129,60.84735,61.30542,61.05187,60.97387,61.13327,61.57048,61.24305,60.68808,61.49743375,9632.0533475
2022-10-14 13:00:00,1002.417,,61.31889,61.09437,61.51186125000001,61.83612,61.32631,60.03191,61.26321,40.42385,61.09129,61.51186125000001,60.91,61.53883,60.09254,61.38898,61.12721,58.91598,50.90287,61.45689,61.40004,59.29102,61.30842,61.41465,61.12173,61.37313,61.41519,61.49108,61.49896,61.34769,61.32923,61.2031,62.00973,60.6759,61.34431,61.31744,55.74604,61.13842,,60.29306,50.08661,61.38375,50.13365,53.96006,59.96379,61.39454,61.64159,54.71,61.83284,60.09454,54.58913,60.09254,61.37796,60.63546,54.12023,61.49415,61.51986,55.39808,45.88342,55.02538,61.46915,61.25944,53.81317,60.02937,45.4151,35.35454,54.73537,,55.64573,61.51504,61.34002,50.17704,61.58592,54.09809,61.22106,60.17083,61.40298,60.69052,61.03494,60.53554,61.07827,60.61037,61.17887,60.19933,61.04127,61.193,61.16692,60.81321,,60.09019,61.01927,,60.99323,60.69133,61.09187,61.30048,59.19123,60.47533,61.32829,60.87339,60.6425,60.25381,61.23106,60.72156,61.56075,61.12309,61.23504,60.75911,60.72679,61.67525,61.14273,60.72806,61.19852,60.94761,60.91135,61.48885,58.04527,60.58419,60.62517,61.09855,59.39529,60.67752,61.18867,61.23706,61.33583,60.55048,45.21394,60.72977,60.922,61.21325,60.52969,60.9011,60.17465,61.14904,60.42527,60.14594,61.27283,61.10225,61.17644,61.39029,61.08142,61.20679,60.88808,61.69677,61.36127,61.21681,60.032,58.56667,61.42691,60.7664,31.971,60.09595,61.0456,61.25867,60.95617,58.21962,58.77104,60.10823,61.12317,60.87881,61.35454,61.09317,61.00163,61.11554,61.63586,61.30292,59.26248,61.51186125000001,9572.497482499999
2022-10-14 14:00:00,927.5435,,60.40668,59.858,60.364680000000014,60.05239,59.97431,59.06104,60.03248,59.86271,59.99916,60.364680000000014,60.14173,60.50642,59.29671,60.25323,59.90552,56.14288,48.53123,60.66254,60.90452,56.69702,60.89867,61.00238,60.21475,60.83886,60.61411,61.05615,60.5839,60.6031,60.3089,58.31915,60.47273,57.40996,60.08952,58.69107,52.87006,57.75465,,56.39979,47.28808,59.44871,46.78952,48.02202,56.55321,60.08942,59.58915,51.64129,59.02689,57.97855,51.24658,58.99313,58.10254,57.13017,50.31285,59.667,59.10275,51.95629,43.70973,51.75956,59.35304,58.90448,51.0455,58.39827,42.93321,30.22994,51.44339,,52.55017,60.67719,60.44463,47.71883,59.43219,51.09725,60.19873,59.18415,59.72071,59.29698,59.35981,59.7035,59.73869,60.05085,60.34298,59.70004,60.04658,59.68681,59.81744,59.53392,,58.98998,59.48252,,58.66417,59.10952,59.17971,59.61277,58.48854,59.43094,59.07481,58.81612,58.95019,58.65154,58.85906,59.21936,59.34154,59.57423,60.19662,59.72662,59.37142,59.61273,59.30096,59.53175,59.3835,59.55735,59.52565,59.66904,55.07054,58.51467,59.28085,59.29025,58.46507,59.21342,59.42469,58.94227,59.43267,58.48737,42.82419,59.04746,59.75375,59.62031,59.64054,59.65642,58.87446,59.57241,58.99706,58.4116,59.89941,59.70807,60.10777,59.57293,59.80825,59.298,59.19356,59.80198,59.76662,59.07529,58.774,55.52402,59.53319,59.36877,30.2091,58.31371,59.99294,59.39165,59.53933,55.44798,55.83863,59.20333,59.8655,59.60748,59.73825,59.3091,59.33861,58.83873,59.84675,59.21289,55.72342,60.364680000000014,9302.8523
2022-10-14 15:00:00,772.7751,,51.51314,50.74137,51.701093125,50.88496,50.91539,50.59877,51.13913,50.92869,51.22561,51.701093125,51.63443,51.96998,50.95086,51.61098,51.3404,47.46004,41.43504,51.98123,52.87833,48.18898,53.0165,53.14646,51.63102,52.95515,52.09246,53.13417,51.95965,52.05794,51.85888,49.47415,51.75202,48.42286,51.1859,49.48215,44.95158,48.586,,47.54844,40.03304,50.06144,39.39433,48.86338,47.14,51.03189,49.88282,43.65375,49.58002,48.49121,43.33887,49.99652,48.56727,47.35767,42.16206,49.91798,49.51019,43.7331,36.72704,43.47056,50.01661,49.38036,43.15267,49.22873,36.36277,50.29927,43.65052,,44.77713,51.79136,51.515,40.96227,49.982,43.68764,51.06958,50.51602,50.09067,50.25798,50.34581,50.46156,50.73129,50.89989,51.38552,51.2056,51.12381,50.35629,50.77377,50.11979,,50.04827,50.35138,,49.53629,49.66254,50.07138,50.20298,50.19473,50.09698,50.0004,49.45375,49.78841,49.21277,49.80317,49.89965,50.32804,50.30044,51.07829,50.71748,50.26833,50.33069,50.18652,50.17029,50.26717,50.25008,50.34563,50.29477,46.63833,49.24735,50.163,49.85321,49.94971,49.827,50.17365,49.59012,50.15065,49.07529,36.15758,49.48456,50.62065,50.31363,50.54596,50.33552,50.12894,50.32037,49.86056,49.143,50.63263,50.55754,51.11927,49.92229,50.69392,49.84769,49.99343,50.38227,50.54433,49.67023,49.90777,46.6395,50.22308,49.86152,31.0755,49.31029,51.15173,50.12352,50.51136,46.7121,47.13794,50.46854,50.73794,50.48804,50.39002,49.78154,50.07177,49.35127,50.50417,49.69092,46.64606,51.701093125,7919.69958625
2022-10-14 16:00:00,542.9982,,35.77669,35.2225,36.14787781249999,35.48581,35.40625,35.28598,35.60829,35.71869,35.613,36.14787781249999,35.94612,36.75637,35.62606,36.35839,36.31227,33.07019,29.32958,36.28781,37.48675,33.76679,37.67268,37.84613,36.14438,37.82233,36.61808,36.16579,36.88737,36.41783,36.79337,34.92992,36.15925,33.82696,35.87111,34.51217,31.454,33.26969,,32.43913,27.76627,34.76075,27.33144,33.79106,32.55152,35.25954,34.48468,30.48713,34.20794,33.1,30.00713,34.35598,33.29314,32.08335,28.9204,34.22471,33.97208,30.09729,26.858,29.82515,34.67392,34.12887,29.78683,34.06571,27.16665,34.8073,30.33225,,31.25279,35.72473,35.60069,28.8769,34.69488,30.73258,35.55862,35.02096,34.47485,34.74231,34.71583,34.75925,34.92819,35.10862,35.51463,35.2825,35.19629,34.78112,35.07302,34.56633,,34.58317,34.69217,,34.23369,34.2851,34.62929,34.74121,34.67039,34.64516,34.55566,34.11634,34.36225,33.87637,34.4366,34.5005,34.83358,34.72115,35.24927,35.11973,34.79948,34.8825,34.71337,34.70125,34.79144,34.85043,34.78431,34.82969,32.29454,34.11869,34.66294,34.49675,34.57852,34.46685,34.75679,34.39806,34.73054,33.82273,25.12329,34.19123,35.11256,34.85419,34.99077,34.96821,34.92873,34.93146,34.48875,33.94746,35.08771,35.07764,35.45652,34.50877,35.15727,34.55489,34.74583,35.01836,35.00954,34.37714,34.59258,32.3574,34.77083,34.51709,27.77969,34.26519,35.5276,34.90792,35.1005,32.45258,32.75279,34.94404,35.12712,35.03415,34.86362,34.39986,34.70398,34.32219,35.07244,34.41835,32.21735,36.14787781249999,5504.715765625
2022-10-14 17:00:00,257.4521,,15.72352,15.31509,16.379405000000002,15.60844,15.62879,15.63344,15.7764,16.10317,15.69994,16.379405000000002,15.87043,16.9681,15.90769,16.66744,16.72904,14.64365,13.6295,16.1979,17.47773,15.21425,17.68873,17.86584,16.24764,17.96733,16.63788,18.13623,17.26031,16.42662,17.0964,16.0915,16.25421,15.42369,16.21956,15.60108,14.23494,14.62927,,14.2299,12.24023,15.46315,12.12056,15.03996,14.35129,15.57152,15.26619,13.69954,14.89742,14.0869,13.22281,14.95179,14.26567,13.71269,12.32496,14.93815,14.58821,13.03773,15.55827,12.89194,15.38496,14.95246,12.90383,14.97073,13.37662,15.36569,13.4006,,14.0795,15.79131,15.77569,13.27736,15.53785,13.97538,15.95881,15.16073,14.71748,14.89754,14.73619,14.97123,14.85373,15.19894,15.36552,15.32535,15.04852,14.93285,15.10559,14.90567,,14.93156,14.84731,,14.40571,14.77042,14.69048,15.10202,14.58417,15.0225,14.70517,14.72058,14.60369,14.5285,14.6819,14.96444,14.94158,14.98773,15.27158,14.66802,14.52448,15.20896,14.45404,14.96067,14.56817,15.12913,14.55264,15.06179,13.5681,14.76381,14.44513,14.88319,14.54086,14.88052,14.8049,14.93114,14.76494,14.38246,10.87029,14.70069,14.93498,15.14673,14.67071,15.31727,14.77302,15.18623,14.31129,14.60173,15.30579,15.15044,15.37969,15.01831,15.19525,15.05613,15.01311,15.37692,14.99781,14.84931,14.75433,14.14175,14.83313,14.97762,11.99615,14.79683,15.44883,15.35631,15.25402,14.20387,14.23017,15.185,15.16158,15.26744,15.05062,14.73623,14.97,14.94921,15.26848,14.94227,13.98781,16.379405000000002,2413.9832100000003
2022-10-14 18:00:00,10.7905,,1.070111,0.7179584,0.0,0.8459167,0.8513125,1.189444,0.8807082,0.9640624,0.8331458,0.0,0.8009791,1.110292,0.9385207,1.035812,1.025125,1.016,0.9006249,0.913894,1.123087,0.8725001,1.185771,1.186208,0.8117501,1.255979,1.211889,1.330792,1.182791,1.125472,1.087729,0.9892917,0.8275624,0.9555417,0.8117085,1.363778,0.9037501,0.8815417,,0.8151459,0.6129168,1.1015,0.6201667,0.8457084,0.8338749,0.5814374,0.7545208,0.6242707,0.6812292,0.7410207,0.7358333,0.7943542,0.6833959,0.8315279,0.6875231,1.026695,0.6097082,0.6908333,1.045444,0.5931875,1.053278,1.017528,0.5376458,0.9029782,0.6594791,0.8428126,0.7883056,,1.008361,0.8386043,0.8311875,0.6899999,1.181222,0.9608887,1.176056,0.7129999,0.7939721,0.3438749,0.4189445,0.6040554,0.4437501,0.5164792,0.5086459,0.6603541,0.3687708,0.5174167,0.4261249,0.5322083,,0.5932291,0.3708542,,0.2775625,0.3698334,0.2972292,0.4675001,0.3396944,0.3834791,0.3461875,0.3822501,0.3041667,0.3978749,0.3431249,0.4763332,0.4739168,0.4563541,0.5252499,0.3076459,0.4159722,0.4161667,0.2909375,0.434361,0.357625,0.3522292,0.2923958,0.5169999,0.4241944,0.4916946,0.3506944,0.3442917,0.3178958,0.5092499,0.4368889,0.6797777,0.2811041,0.4734792,0.3557292,0.4761667,0.4255833,0.6465557,0.3239722,0.7101668,0.572889,0.4204376,0.2352083,0.442125,0.4499792,0.3924584,0.3989166,0.8727222,0.3930833,0.8593889,0.3850834,0.7409999,0.4763333,0.6126665,0.4500555,0.5893543,0.3020417,0.5487084,0.4348395,0.7610556,0.5958612,0.6952083,0.4754375,0.6616249,0.4963125,0.9746668,0.4468126,0.7186041,0.6124167,0.8181388,0.5612779,0.7044166,0.7389166,0.9220554,0.6429375,,107.2869383
2022-10-14 19:00:00,0.0,,,,,,,,,,,,,,,,,,,,,,,,,,,,,,,,,,,,,,,,,,,,,,,,,,,,,,,,,,,,,,,,,,,,,,,,,,,,,,,,,,,,,,,,,,,,,,,,,,,,,,,,,,,,,,,,,,,,,,,,,,,,,,,,,,,,,,,,,,,,,,,,,,,,,,,,,,,,,,,,,,,,,,,,0.0
2022-10-14 20:00:00,0.0,,,,,,,,,,,,,,,,,,,,,,,,,,,,,,,,,,,,,,,,,,,,,,,,,,,,,,,,,,,,,,,,,,,,,,,,,,,,,,,,,,,,,,,,,,,,,,,,,,,,,,,,,,,,,,,,,,,,,,,,,,,,,,,,,,,,,,,,,,,,,,,,,,,,,,,,,,,,,,,,,,,,,,,,0.0
2022-10-14 21:00:00,0.0,,,,,,,,,,,,,,,,,,,,,,,,,,,,,,,,,,,,,,,,,,,,,,,,,,,,,,,,,,,,,,,,,,,,,,,,,,,,,,,,,,,,,,,,,,,,,,,,,,,,,,,,,,,,,,,,,,,,,,,,,,,,,,,,,,,,,,,,,,,,,,,,,,,,,,,,,,,,,,,,,,,,,,,,0.0
2022-10-14 22:00:00,0.0,,,,,,,,,,,,,,,,,,,,,,,,,,,,,,,,,,,,,,,,,,,,,,,,,,,,,,,,,,,,,,,,,,,,,,,,,,,,,,,,,,,,,,,,,,,,,,,,,,,,,,,,,,,,,,,,,,,,,,,,,,,,,,,,,,,,,,,,,,,,,,,,,,,,,,,,,,,,,,,,,,,,,,,,0.0
2022-10-14 23:00:00,0.0,,,,,,,,,,,,,,,,,,,,,,,,,,,,,,,,,,,,,,,,,,,,,,,,,,,,,,,,,,,,,,,,,,,,,,,,,,,,,,,,,,,,,,,,,,,,,,,,,,,,,,,,,,,,,,,,,,,,,,,,,,,,,,,,,,,,,,,,,,,,,,,,,,,,,,,,,,,,,,,,,,,,,,,,0.0
2022-10-15 00:00:00,0.0,,,,,,,,,,,,,,,,,,,,,,,,,,,,,,,,,,,,,,,,,,,,,,,,,,,,,,,,,,,,,,,,,,,,,,,,,,,,,,,,,,,,,,,,,,,,,,,,,,,,,,,,,,,,,,,,,,,,,,,,,,,,,,,,,,,,,,,,,,,,,,,,,,,,,,,,,,,,,,,,,,,,,,,,0.0
2022-10-15 01:00:00,0.0,,,,,,,,,,,,,,,,,,,,,,,,,,,,,,,,,,,,,,,,,,,,,,,,,,,,,,,,,,,,,,,,,,,,,,,,,,,,,,,,,,,,,,,,,,,,,,,,,,,,,,,,,,,,,,,,,,,,,,,,,,,,,,,,,,,,,,,,,,,,,,,,,,,,,,,,,,,,,,,,,,,,,,,,0.0
2022-10-15 02:00:00,0.0,,,,,,,,,,,,,,,,,,,,,,,,,,,,,,,,,,,,,,,,,,,,,,,,,,,,,,,,,,,,,,,,,,,,,,,,,,,,,,,,,,,,,,,,,,,,,,,,,,,,,,,,,,,,,,,,,,,,,,,,,,,,,,,,,,,,,,,,,,,,,,,,,,,,,,,,,,,,,,,,,,,,,,,,0.0
2022-10-15 03:00:00,0.0,,,,,,,,,,,,,,,,,,,,,,,,,,,,,,,,,,,,,,,,,,,,,,,,,,,,,,,,,,,,,,,,,,,,,,,,,,,,,,,,,,,,,,,,,,,,,,,,,,,,,,,,,,,,,,,,,,,,,,,,,,,,,,,,,,,,,,,,,,,,,,,,,,,,,,,,,,,,,,,,,,,,,,,,0.0
2022-10-15 04:00:00,0.0,,,,,,,,,,,,,,,,,,,,,,,,,,,,,,,,,,,,,,,,,,,,,,,,,,,,,,,,,,,,,,,,,,,,,,,,,,,,,,,,,,,,,,,,,,,,,,,,,,,,,,,,,,,,,,,,,,,,,,,,,,,,,,,,,,,,,,,,,,,,,,,,,,,,,,,,,,,,,,,,,,,,,,,,0.0
2022-10-15 05:00:00,0.0,,,,,,,,,,,,,,,,,,,,,,,,,,,,,,,,,,,,,,,,,,,,,,,,,,,,,,,,,,,,,,,,,,,,,,,,,,,,,,,,,,,,,,,,,,,,,,,,,,,,,,,,,,,,,,,,,,,,,,,,,,,,,,,,,,,,,,,,,,,,,,,,,,,,,,,,,,,,,,,,,,,,,,,,0.0
2022-10-15 06:00:00,0.0,,,,,,,,,,,,,,,,,,,,,,,,,,,0.0,,,,,,,,,,,,,,,,,,,,,,,,,,,,,,,,,,,,,,,,,,,,,,,,,,,0.0,,,,,,0.0,0.0,,,,,,,,,,,,,,,,,,,,,,,,,,,,,,,,,,,,0.0,,,,,,,0.0,,,,,,,,0.0,,,,,,,,,,,,,,,,,,,,,,,,,,0.0,,,,,,0.0
2022-10-15 07:00:00,7.992054,,0.4990208,0.6464583,0.0,0.31525,0.4800001,0.7042708,0.3797083,0.4361667,0.6276042,0.0,0.4904376,0.3688542,0.7336459,0.3556042,0.4705416,0.5029792,0.4104792,0.4746249,0.2439375,0.3701459,0.4592083,0.3845833,0.4275626,0.4121875,0.4591249,0.4733957,0.4130001,0.4339584,0.3432083,0.3067083,0.4259999,0.3121458,0.4009791,0.2994167,0.2628333,0.3838958,,0.325,0.2719583,0.2903333,0.2741042,0.4533959,0.6164166,0.3413125,0.286,0.698625,0.223875,0.6314584,0.3175,0.6228541,0.3856042,0.219625,0.7441251,0.5385208,0.329875,0.5524793,0.4562917,0.4002291,0.4857291,0.5464168,0.6472499,0.8580418,0.5170833,0.5252917,0.6868542,,0.8605833,0.49475,0.5867708,0.5774584,0.7022291,0.6070624,0.6262708,1.564687,1.326583,0.9739583,1.05575,0.8789793,1.112271,0.9844374,1.394333,1.369917,1.111875,1.10875,1.207292,0.9847082,,0.9721874,1.43825,,0.9068751,0.6992083,0.911625,0.9019166,1.067479,0.5368124,0.8149584,0.8163124,1.011417,0.7931458,1.122583,0.9207291,1.228667,0.7867709,0.8878543,0.7390416,0.7085624,0.5438333,0.7501041,0.2729792,0.8180208,0.3922291,0.7288749,0.5035,0.7113749,0.7625834,0.8226459,0.5799374,0.9503958,0.6710418,0.6217709,0.4391251,0.402875,0.4813124,0.6029583,0.5095417,0.4686042,0.6167083,0.4168334,0.5731459,0.9387292,0.5278542,0.7451042,0.6152292,0.5636042,0.6129168,0.6046875,0.3066458,0.5100834,0.4339167,0.4253332,0.4239582,0.5044584,0.2604375,0.6541042,0.3972082,0.3888751,0.4611251,0.5785,0.4934374,0.6399167,0.5163957,0.8043543,0.6112916,0.7886667,0.6491042,0.59175,0.5968959,0.4519792,0.4605624,0.6076041,0.5305626,0.5914791,0.5303541,0.3255417,,97.53031200000001
2022-10-15 08:00:00,218.9962,,13.91725,16.663,21.149779062500002,18.99067,19.39865,19.13975,19.24842,17.49675,20.163,21.149779062500002,19.81136,14.58488,19.6585,12.52044,11.03117,18.19091,11.58454,19.57586,9.992708,16.72104,9.771064,8.772084,18.43073,7.470293,17.43514,5.988624,6.012043,17.36736,5.825188,5.518188,16.59142,6.392918,15.9945,6.564145,13.02035,7.292938,,9.701936,12.27987,11.12221,12.29398,10.96363,10.49275,18.09467,8.32798,15.96694,6.143522,6.196563,13.61758,7.639397,8.731853,11.05571,14.40204,14.65954,12.46204,17.45686,12.19117,16.8224,11.80538,12.81267,18.13563,15.28083,15.65375,17.611,16.28273,,16.80781,18.71296,19.10348,14.12256,18.55287,15.54181,18.16059,21.22492,21.25345,20.95989,21.14198,20.86888,21.34067,21.14309,21.77946,21.51907,21.23465,20.67629,21.12444,20.73265,,20.54412,21.25094,,20.86006,20.73512,20.92733,21.07219,21.42352,20.30152,20.84819,20.44531,20.96321,20.06919,21.09661,20.78989,21.40039,20.73706,21.0676,21.17775,20.92286,20.17717,21.12563,19.58796,21.09273,19.81654,21.02494,20.13584,19.49273,20.40281,21.00013,20.51085,21.09756,20.79179,20.90869,19.92615,20.27598,19.30554,20.75129,19.54812,20.69264,20.54019,20.38012,19.64688,21.27287,20.28748,20.85467,19.56665,20.29477,20.86129,20.9535,19.66579,20.67079,20.13467,20.31148,20.12086,20.74206,19.31175,20.65819,18.68973,20.24381,20.30383,19.32242,19.81431,21.33394,20.28463,21.22875,19.1109,19.81808,20.47433,20.79381,20.46915,20.41981,19.58927,20.6799,19.95504,20.59212,20.2952,18.61015,21.149779062500002,2836.242732125
2022-10-15 09:00:00,522.4299,,39.94761,39.63548,40.356672187499996,39.545,39.37423,39.25252,39.35012,38.45463,40.03387,40.356672187499996,40.0255,36.14977,39.46667,32.77098,31.58827,36.58187,31.41421,39.56519,33.10169,35.965,32.13929,29.3516,38.85544,26.49594,38.67719,29.39971,28.87167,38.9189,27.02531,25.1305,38.88077,26.06569,38.15619,25.38602,33.21492,26.78446,,29.48254,29.79671,35.16098,28.6845,31.47423,28.52348,38.38388,27.12012,32.93785,27.47775,28.11967,32.46979,26.94031,31.33835,34.75048,32.07388,33.54623,31.00052,34.35325,31.05592,33.87337,32.55779,33.45235,33.65371,38.80835,33.81219,39.1265,33.42846,,33.62469,39.86135,39.60981,29.56794,38.40366,32.16563,37.93527,40.53048,40.52729,40.16016,40.35292,40.08915,40.62838,40.4815,41.07058,40.844,40.73015,40.02823,40.46696,40.01983,,39.81755,40.39673,,39.61539,39.57067,39.89133,39.99096,40.41209,39.61548,39.98262,39.39711,39.86265,39.09515,40.0022,39.80225,40.42339,40.03738,40.55648,40.43608,39.94969,39.51048,40.13317,39.37481,40.0555,39.53742,40.10144,39.74317,37.24402,39.26321,40.06506,39.61975,39.95512,39.72254,39.97748,39.16161,39.64223,38.28889,40.26433,38.53054,40.14775,39.67204,40.09137,39.46629,40.25592,39.47748,39.75232,38.51888,39.84871,40.08208,40.54123,39.11017,40.07613,39.36279,39.4879,39.52569,40.12283,38.9776,39.69461,36.6596,39.62191,39.55487,40.25802,38.97837,40.76573,39.70315,40.28773,37.1074,37.55669,39.88433,40.05888,39.93425,39.69271,39.07748,39.60918,39.10344,39.78456,39.3236,36.64025,40.356672187499996,5983.650604375
2022-10-15 10:00:00,751.4059,,55.03941,54.30288,54.6517296875,54.31435,54.05035,53.66104,54.13965,51.58886,54.63888,54.6517296875,54.8004,53.05029,53.94869,52.27687,49.45806,50.22004,38.6895,54.54858,52.98391,49.96698,51.66381,46.78833,53.74611,48.66054,53.73891,52.20284,48.57046,53.95586,47.32357,44.74594,53.86623,44.02548,53.01931,45.40464,46.25852,44.32121,,46.77827,41.46611,50.91925,40.5425,50.21202,46.43873,53.342,47.80908,45.58171,49.10396,45.20333,45.0536,45.16911,49.36692,49.79638,44.52581,52.33194,47.17181,46.85762,48.17277,46.58015,46.93877,51.59692,45.87608,52.73033,46.15548,53.44219,45.72296,,46.24479,54.65577,54.32206,41.23516,52.66492,44.48706,53.54858,54.61515,54.50869,54.20911,54.40996,54.29596,54.80856,54.76569,55.36227,55.15392,55.12277,54.09792,54.6835,54.02442,,53.82735,54.4996,,53.51023,53.72356,53.92234,54.18496,54.41729,53.89348,54.0164,53.40919,53.82252,53.15461,53.86123,53.86079,54.44756,54.22292,54.95229,54.67382,54.06621,53.90271,54.21452,53.84148,54.11804,53.95642,54.25492,54.14744,50.32436,53.2285,54.17231,53.86708,53.91016,53.90279,54.10194,53.46004,53.89317,52.65819,51.7066,52.90461,54.41563,54.07346,54.36194,53.86856,54.03379,53.87889,53.76915,52.85992,54.32535,54.38433,55.04519,53.66354,54.50325,53.67988,53.6289,54.02694,54.43927,53.34008,53.80338,50.06207,53.92125,53.90496,45.13721,53.14527,55.18504,54.00729,54.45813,50.36229,50.78331,54.35521,54.52025,54.43559,54.10234,53.51212,53.82787,53.13883,54.12894,53.55867,50.18881,54.6517296875,8357.244549374998
2022-10-15 11:00:00,912.6766,,61.18317,60.89369,61.08901624999999,61.43852,60.98575,59.95798,60.95483,59.39129,60.96144,61.08901624999999,60.83404,60.8965,60.01656,60.6815,60.37582,58.18854,49.31848,61.27175,60.92316,58.35273,60.88409,60.74273,60.86335,60.55519,61.07767,60.79979,60.20196,61.048,60.2135,58.63558,61.52517,57.40073,60.73458,58.99012,54.19471,57.82296,,57.39583,48.66391,60.02361,47.91358,59.39588,57.76535,60.89988,60.52008,53.21054,60.46725,58.97033,52.70375,59.03821,59.79006,58.51611,52.35385,60.53912,60.44909,54.16029,54.93748,53.81871,59.18612,60.24771,52.98762,59.71143,50.25677,60.8785,53.07748,,53.79525,61.28423,61.05617,48.21375,60.52877,52.11219,60.80646,60.11979,61.11486,60.90187,60.80729,60.77473,60.89952,60.94511,61.36979,60.06929,60.96627,60.84283,60.95717,60.87323,,60.04779,60.86021,,60.57008,60.6569,60.73161,60.92136,59.18084,60.80738,61.17381,60.44946,60.77623,60.41119,60.83373,60.80875,61.24694,60.80302,61.02294,60.90023,60.86765,61.14989,60.87738,60.93142,60.86275,60.85327,60.92963,61.08356,57.84006,60.45163,60.60614,60.69473,59.27962,60.88317,60.81725,60.7239,60.8925,60.34837,53.54302,60.60558,61.07064,60.91583,60.77223,60.93606,60.02202,60.7615,60.46567,59.84075,60.98037,60.84154,61.00794,60.87569,60.89675,60.74119,60.81363,61.18108,61.0084,60.57816,59.93206,57.79423,60.92975,60.82191,42.21979,59.8136,60.89302,60.89146,60.73715,57.89581,58.2724,59.97346,60.87925,60.72427,60.94542,60.6216,60.63773,60.49392,61.11077,60.70833,58.05052,61.08901624999999,9565.310912500001
2022-10-15 12:00:00,995.8564,,61.29121,61.0835,61.496598750000004,61.83379,61.28259,60.08896,61.21177,58.14,61.08729,61.496598750000004,60.90998,61.46762,60.09146,61.31961,61.10019,59.46327,51.11623,61.45219,61.37988,59.82425,61.29646,61.32283,61.1366,61.32831,61.37162,59.07729,61.44965,61.317,61.28646,61.35608,61.98054,60.70171,61.25396,61.50194,56.09371,61.35475,,60.74169,50.58215,61.33544,50.41617,61.39823,60.11477,61.32115,61.5765,55.0326,61.89183,60.08602,54.88848,60.0855,61.57696,60.84261,54.3835,61.41988,61.46336,55.82386,44.96181,55.42979,61.4595,61.23142,54.26384,60.15002,45.77013,38.019,55.05204,,55.81894,61.4664,61.26339,50.33156,61.47898,54.29755,61.19327,60.16525,61.38202,61.20633,61.00054,60.9879,61.02746,61.10894,61.4935,60.07537,61.05439,61.12425,61.13665,61.19052,,60.20235,61.02706,,60.97321,61.05617,61.04448,61.25556,59.18607,61.1921,61.62096,60.8676,61.14596,60.86766,61.20083,61.20671,61.53752,61.07594,61.16483,61.07642,61.17888,61.61081,61.15915,61.34779,61.16798,61.19752,61.226,61.46094,58.97619,60.98419,60.82735,61.06202,59.3575,61.29752,61.12502,61.24389,61.28437,61.10371,45.73764,61.21317,61.36314,61.19879,61.00208,61.34113,60.16802,61.073,60.73754,60.1445,61.2266,61.08786,61.13491,61.3436,61.11892,61.18959,61.31202,61.64292,61.30675,61.15044,60.08471,59.57481,61.34183,61.20521,32.32571,60.08963,61.00381,61.23771,60.93258,59.06788,59.40108,60.01027,61.09077,60.88596,61.30187,61.05735,60.97373,61.13123,61.5253,61.21517,59.85012,61.496598750000004,9618.1989675
2022-10-15 13:00:00,989.566,,61.32737,61.10569,61.4965571875,61.83671,61.32238,60.091,61.25765,61.30513,61.09616,61.4965571875,60.92514,61.51514,60.08977,61.37546,61.13454,58.6484,50.64979,61.49025,61.44085,59.00796,61.32896,61.36346,61.18975,61.37448,61.41954,59.00633,61.49475,61.34756,61.32783,61.07161,62.00412,60.28487,61.29073,61.24112,55.2566,60.87196,,59.83033,49.57539,61.38689,49.59748,61.06364,59.78114,61.37852,61.64054,54.1899,61.75981,60.06479,54.17356,60.09075,61.22665,60.24365,53.51809,61.46319,61.51352,54.89046,45.6431,54.57075,61.49511,61.21802,53.49759,60.15069,45.12833,46.28554,54.30893,,55.19898,61.51777,61.29598,49.93921,61.51088,53.67004,61.22225,60.16816,60.89148,60.73877,60.53212,61.03908,60.53954,61.14825,61.5291,60.07887,61.10558,61.16348,60.66014,61.21879,,60.20335,61.06836,,60.4221,61.11119,60.68175,60.76927,58.71112,61.24284,61.57635,60.88884,61.15275,60.87944,61.20319,60.72194,61.55177,60.59252,61.19664,60.75319,60.69746,60.87669,61.18467,61.4189,61.19946,60.97007,60.76069,61.03146,57.75448,60.9454,60.35506,60.78279,59.39308,60.585,61.16462,61.20738,60.56512,60.4831,44.34494,61.22023,61.42971,61.23521,60.53627,60.85365,60.16777,60.63142,60.47496,60.14225,61.25973,61.12142,61.17586,61.40213,60.66994,61.23117,61.29756,61.66369,60.726,61.18692,60.086,58.42302,61.38542,60.73594,31.63144,60.09077,61.04573,61.27785,60.96723,57.76654,58.17113,60.03392,61.14104,60.90919,61.36523,61.11309,61.00946,61.11341,61.58219,61.25098,58.69698,61.4965571875,9594.010434374999
2022-10-15 14:00:00,908.8103,,60.44831,59.75512,60.3057709375,59.9189,59.9345,59.11143,60.03398,59.73302,60.0421,60.3057709375,60.1715,60.41348,59.27608,60.19437,59.82516,55.99996,48.38506,60.67989,60.90821,56.56354,60.8844,60.90739,60.29425,60.82775,60.544,52.25519,60.46161,60.52888,60.26089,58.03492,60.44981,56.99865,59.86187,58.39769,52.65163,57.24361,,55.87154,47.10229,59.06017,46.55735,57.73667,55.90556,60.00817,58.99364,51.35073,58.4215,57.27606,51.23165,58.62218,57.48312,56.43296,50.02606,59.14742,58.54585,51.83867,43.31967,51.45806,58.97325,58.48167,51.01246,58.14088,42.9065,41.16798,51.43489,,52.5355,60.68265,60.4565,47.85425,59.24617,51.10619,60.33712,59.19604,59.33559,59.41515,59.43508,59.52821,59.80764,59.93317,60.4264,59.44125,60.14169,59.46277,59.92213,59.312,,58.82831,59.67629,,58.68164,58.84121,59.19529,59.32471,58.48273,59.1591,59.10677,58.56817,58.89621,58.369,58.87404,58.95969,59.42529,59.37956,59.99427,59.74689,59.31979,59.26929,59.35094,59.23221,59.41961,59.32389,59.56706,59.45419,55.10109,58.23971,59.28125,59.0481,58.50938,58.92425,59.3721,58.75304,59.39648,58.14129,42.73271,58.7655,59.70423,59.44098,59.57019,59.32325,58.81166,59.26711,58.93863,58.08416,59.67819,59.83387,60.18,59.23446,59.95054,58.99313,59.14938,59.48158,59.84385,58.81615,58.81573,55.26429,59.45638,59.17777,29.94904,58.17794,59.98594,59.22727,59.46387,55.09867,55.71092,59.09706,59.85875,59.504,59.68146,59.03475,59.31361,58.46929,59.75404,58.82169,55.34869,60.3057709375,9290.914711875
2022-10-15 15:00:00,758.5059,,51.1425,50.16008,51.24449,50.43133,50.4054,50.12225,50.62167,50.36187,50.72231,51.24449,51.17062,51.40023,50.50217,51.06908,50.80121,47.05915,41.05854,51.53554,52.51404,47.71404,52.76381,52.72063,51.20488,52.56427,51.54319,52.62954,51.42515,51.48466,51.32469,48.92944,51.16602,47.80244,50.54988,48.827,44.4254,47.89869,,46.90496,39.51373,49.353,38.98441,48.12656,46.48015,50.446,49.14738,43.07973,48.91175,47.73808,42.79954,49.24446,47.87506,46.60025,41.64704,49.15437,48.86296,43.23537,36.2566,42.89762,49.4641,48.86304,42.65717,48.72517,35.96033,49.79985,43.16892,,44.2645,51.42525,51.24792,40.62111,49.88963,43.17454,51.15538,50.16777,49.49854,49.85577,49.89725,49.92784,50.27681,50.42329,50.96017,50.67652,50.74669,49.83108,50.40142,49.64452,,49.56921,50.07504,,49.09887,49.12044,49.58379,49.63227,49.71637,49.53283,49.54065,48.93744,49.32565,48.68781,49.37981,49.3805,49.92487,49.75763,50.51265,50.21082,49.7216,49.72775,49.6701,49.61875,49.7136,49.72642,49.80479,49.78898,46.13042,48.70568,49.62592,49.36556,49.47308,49.27492,49.73779,49.12873,49.75179,48.58475,35.85356,49.00615,50.14008,49.82185,50.04037,49.79031,49.6594,49.72998,49.39942,48.615,50.06379,50.18033,50.72475,49.48094,50.34296,49.41958,49.56087,49.9136,50.12102,49.21104,49.46354,46.21185,49.78979,49.41077,25.08477,48.90206,50.64093,49.72719,49.92492,46.17335,46.70944,49.89209,50.28242,49.9908,49.96246,49.30127,49.65019,48.96296,50.03408,49.22,46.24648,51.24449,7834.717939999999
2022-10-15 16:00:00,531.4545,,35.37386,34.60883,35.696281250000006,34.9364,34.84219,34.72927,35.03779,35.10471,35.05204,35.696281250000006,35.40794,36.12358,35.06783,35.77748,35.72,32.57075,28.89535,35.75481,37.04019,33.24752,37.26446,37.33356,35.65704,37.33339,36.04789,37.43048,36.32119,35.85021,36.21067,34.36579,35.57246,33.24215,35.27719,34.03248,30.96425,32.79431,,31.81523,27.31625,34.18365,26.96629,33.20785,31.98144,34.69592,33.89681,29.98516,33.66396,32.59029,29.54773,33.79517,32.82013,31.54416,28.51492,33.68442,33.50092,29.68046,26.97265,29.32321,34.29696,33.76346,29.32144,33.70877,24.90204,34.445,29.85194,,30.7575,35.47004,35.39996,28.50252,34.5466,30.17779,35.50108,34.58152,33.88575,34.25808,34.211,34.24448,34.40358,34.61531,35.01354,34.74965,34.74594,34.26129,34.59377,34.06881,,34.05758,34.27333,,33.70206,33.78954,34.09504,34.21592,34.12587,34.13964,34.04921,33.64154,33.83023,33.38721,33.90581,33.9955,34.3105,34.19152,34.68913,34.60081,34.25164,34.3256,34.21087,34.18025,34.24771,34.32215,34.27858,34.33609,31.78206,33.58868,34.09579,33.98869,34.05207,33.92496,34.19169,33.86362,34.19552,33.28504,24.73259,33.67867,34.5725,34.3269,34.45687,34.37523,34.39496,34.33465,33.99406,33.40202,34.53537,34.52904,34.91906,34.00975,34.66361,34.06396,34.16719,34.48346,34.46986,33.83981,34.01752,31.83727,34.22804,33.97398,17.35358,33.74127,34.94437,34.44719,34.41973,31.85875,32.19692,34.33923,34.53598,34.46017,34.30308,33.85775,34.143,33.80064,34.4705,33.8521,31.7495,35.696281250000006,5412.946642499999
2022-10-15 17:00:00,248.166,,15.25338,14.8065,15.7942871875,15.11823,15.15892,15.13833,15.28258,15.56546,15.21192,15.7942871875,15.3825,16.41715,15.41931,16.13773,16.20358,14.18814,13.2075,15.71246,16.97508,14.73908,17.17708,17.29242,15.78377,17.41721,16.1254,12.65067,16.73586,15.90581,16.55039,15.55923,15.737,14.87715,15.69204,15.06471,13.76979,14.08811,,13.70594,11.82373,14.9646,11.72861,14.48588,13.86911,15.04831,14.7511,13.26292,14.41744,13.62086,12.81,14.4555,13.78375,13.24444,11.9086,14.44054,14.09438,12.65909,15.0829,12.48552,14.93902,14.49223,12.50073,14.54631,12.94744,14.89198,12.9894,,13.64148,15.33908,15.31356,12.88992,15.08283,13.51314,15.53296,14.67611,14.22629,14.35262,14.22744,14.49063,14.26404,14.72154,14.79198,14.81706,14.57238,14.40412,14.59633,14.44438,,14.4555,14.34558,,13.80886,14.28537,14.13094,14.56962,14.02658,14.49112,14.13883,14.23383,14.03691,14.04619,14.15261,14.46296,14.3939,14.48144,14.76796,14.13144,13.95856,14.66383,13.94706,14.41404,13.97264,14.59039,14.01262,14.54287,13.06144,14.25781,13.88437,14.36692,13.97015,14.3634,14.24696,14.45356,14.19802,13.8984,10.95492,14.19192,14.40746,14.62946,14.15321,14.79892,14.25273,14.61752,13.79414,14.09019,14.78562,14.63054,14.82388,14.56327,14.74563,14.61056,14.4676,14.70362,14.50433,14.35423,14.23283,13.65973,14.24658,14.47596,7.434834,14.33575,14.91085,14.90631,14.74417,13.76396,13.75179,14.69364,14.63484,14.79221,14.55112,14.23208,14.46742,14.47858,14.74185,14.46121,13.58021,15.7942871875,2324.7196383749997
2022-10-15 18:00:00,7.973755,,0.8535557,0.5728958,0.0,0.6893541,0.7015625,0.9829167,0.7178749,0.7768333,0.686375,0.0,0.8698334,1.213889,1.043306,1.127,0.8394166,0.6208958,0.7391041,1.015083,0.9222499,0.947,0.96725,1.273333,0.6859792,1.029271,0.7393542,0.848999,0.9893959,0.6804375,1.190667,1.068583,0.9019443,1.048722,0.883639,0.8360834,0.7306666,0.722875,,0.6769376,0.4750277,0.8967779,0.4874166,0.6779375,0.6813542,0.4238749,0.5937083,0.6461111,0.7144167,0.6029583,0.4273126,0.6316874,0.7250001,0.4731458,0.5714782,0.6034167,0.4801041,0.5403057,0.7164791,0.6215277,0.6214374,0.8171388,0.4014584,0.7318287,0.7365557,0.659625,0.6127501,,0.5987292,0.911611,0.8787499,0.7210279,0.9319444,0.7298332,0.9332499,0.4289583,0.6201111,0.2972292,0.2623333,0.4556389,0.3544722,0.3888958,0.4357292,0.6762778,0.2984583,0.3753957,0.3482084,0.4016459,,0.5869167,0.2758541,,0.3354722,0.311375,0.2722292,0.5248721,0.2275,0.2956875,0.4166667,0.2791666,0.2602292,0.4086111,0.4009167,0.3742917,0.4251944,0.3224999,0.3938124,0.2914375,0.3841389,0.3491042,0.2760833,0.267,0.3299167,0.38525,0.2830833,0.4251945,0.3871111,0.3957222,0.2312083,0.2766875,0.2915833,0.3923889,0.2849375,0.5217779,0.2444375,0.3630209,0.3726457,0.3848541,0.2893958,0.4846668,0.2177917,0.5787779,0.5312221,0.3285834,0.2196041,0.373125,0.3831249,0.3259791,0.4324444,0.6898057,0.4434443,0.6792223,0.4203611,0.6006459,0.4104445,0.4803332,0.4007222,0.6117499,0.2620625,0.5643333,0.3217244,0.451375,0.4667778,0.5392708,0.4810834,0.687389,0.4043332,0.5652708,0.4786388,0.57425,0.4615279,0.6582223,0.3281459,0.5540001,0.4485416,0.5322292,0.5228751,,89.66499200000001
2022-10-15 19:00:00,0.0,,,,,,,,,,,,,,,,,,,,,,,,,,,,,,,,,,,,,,,,,,,,,,,,,,,,,,,,,,,,,,,,,,,,,,,,,,,,,,,,,,,,,,,,,,,,,,,,,,,,,,,,,,,,,,,,,,,,,,,,,,,,,,,,,,,,,,,,,,,,,,,,,,,,,,,,,,,,,,,,,,,,,,,,0.0
2022-10-15 20:00:00,0.0,,,,,,,,,,,,,,,,,,,,,,,,,,,,,,,,,,,,,,,,,,,,,,,,,,,,,,,,,,,,,,,,,,,,,,,,,,,,,,,,,,,,,,,,,,,,,,,,,,,,,,,,,,,,,,,,,,,,,,,,,,,,,,,,,,,,,,,,,,,,,,,,,,,,,,,,,,,,,,,,,,,,,,,,0.0
2022-10-15 21:00:00,0.0,,,,,,,,,,,,,,,,,,,,,,,,,,,,,,,,,,,,,,,,,,,,,,,,,,,,,,,,,,,,,,,,,,,,,,,,,,,,,,,,,,,,,,,,,,,,,,,,,,,,,,,,,,,,,,,,,,,,,,,,,,,,,,,,,,,,,,,,,,,,,,,,,,,,,,,,,,,,,,,,,,,,,,,,0.0
2022-10-15 22:00:00,0.0,,,,,,,,,,,,,,,,,,,,,,,,,,,,,,,,,,,,,,,,,,,,,,,,,,,,,,,,,,,,,,,,,,,,,,,,,,,,,,,,,,,,,,,,,,,,,,,,,,,,,,,,,,,,,,,,,,,,,,,,,,,,,,,,,,,,,,,,,,,,,,,,,,,,,,,,,,,,,,,,,,,,,,,,0.0
2022-10-15 23:00:00,0.0,,,,,,,,,,,,,,,,,,,,,,,,,,,,,,,,,,,,,,,,,,,,,,,,,,,,,,,,,,,,,,,,,,,,,,,,,,,,,,,,,,,,,,,,,,,,,,,,,,,,,,,,,,,,,,,,,,,,,,,,,,,,,,,,,,,,,,,,,,,,,,,,,,,,,,,,,,,,,,,,,,,,,,,,0.0
2022-10-16 00:00:00,0.0,,,,,,,,,,,,,,,,,,,,,,,,,,,,,,,,,,,,,,,,,,,,,,,,,,,,,,,,,,,,,,,,,,,,,,,,,,,,,,,,,,,,,,,,,,,,,,,,,,,,,,,,,,,,,,,,,,,,,,,,,,,,,,,,,,,,,,,,,,,,,,,,,,,,,,,,,,,,,,,,,,,,,,,,0.0
2022-10-16 01:00:00,0.0,,,,,,,,,,,,,,,,,,,,,,,,,,,,,,,,,,,,,,,,,,,,,,,,,,,,,,,,,,,,,,,,,,,,,,,,,,,,,,,,,,,,,,,,,,,,,,,,,,,,,,,,,,,,,,,,,,,,,,,,,,,,,,,,,,,,,,,,,,,,,,,,,,,,,,,,,,,,,,,,,,,,,,,,0.0
2022-10-16 02:00:00,0.0,,,,,,,,,,,,,,,,,,,,,,,,,,,,,,,,,,,,,,,,,,,,,,,,,,,,,,,,,,,,,,,,,,,,,,,,,,,,,,,,,,,,,,,,,,,,,,,,,,,,,,,,,,,,,,,,,,,,,,,,,,,,,,,,,,,,,,,,,,,,,,,,,,,,,,,,,,,,,,,,,,,,,,,,0.0
2022-10-16 03:00:00,0.0,,,,,,,,,,,,,,,,,,,,,,,,,,,,,,,,,,,,,,,,,,,,,,,,,,,,,,,,,,,,,,,,,,,,,,,,,,,,,,,,,,,,,,,,,,,,,,,,,,,,,,,,,,,,,,,,,,,,,,,,,,,,,,,,,,,,,,,,,,,,,,,,,,,,,,,,,,,,,,,,,,,,,,,,0.0
2022-10-16 04:00:00,0.0,,,,,,,,,,,,,,,,,,,,,,,,,,,,,,,,,,,,,,,,,,,,,,,,,,,,,,,,,,,,,,,,,,,,,,,,,,,,,,,,,,,,,,,,,,,,,,,,,,,,,,,,,,,,,,,,,,,,,,,,,,,,,,,,,,,,,,,,,,,,,,,,,,,,,,,,,,,,,,,,,,,,,,,,0.0
2022-10-16 05:00:00,0.0,,,,,,,,,,,,,,,,,,,,,,,,,,,,,,,,,,,,,,,,,,,,,,,,,,,,,,,,,,,,,,,,,,,,,,,,,,,,,,,,,,,,,,,,,,,,,,,,,,,,,,,,,,,,,,,,,,,,,,,,,,,,,,,,,,,,,,,,,,,,,,,,,,,,,,,,,,,,,,,,,,,,,,,,0.0
2022-10-16 06:00:00,0.00797015,,,,,,,,,,,,,,,,,,,,,,,,,,0.0,,,,,,,,,,,,,,,,,,,,,,,,,,,,,,,,,,,,,,,,,,,,,,,,,,,,,,,,,,,,,,,,,,,,,,,,,,,,,,,,,0.0,,,,,,,,,,,,,,,,,,,,,,,,,,,,,,,,,,,,,,,,,,,,,,,,,,,,,,,,,,,,,0.0
2022-10-16 07:00:00,8.123277,,0.5525834,0.6930208,0.0,0.3748958,0.5379583,0.7835001,0.4357916,0.4974166,0.695625,0.0,0.5692291,0.4453124,0.7851459,0.4247916,0.5126875,0.5573124,0.4603333,0.5270416,0.304125,0.4319375,0.5117917,0.4458542,0.4847709,0.4777916,0.5116668,0.5417917,0.463375,0.4884584,0.3922709,0.356,0.4835,0.3537292,0.4667292,0.3735833,0.3147917,0.4251041,,0.3805,0.3006458,0.3555208,0.3070833,0.4553541,0.6570209,0.3772708,0.338625,0.6976041,0.2941875,0.6754168,0.3437292,0.670625,0.4408959,0.2797083,0.7192706,0.5562083,0.3379375,0.4745833,0.4723334,0.3461458,0.5338126,0.5397083,0.5444584,0.8192502,0.4953959,0.5860625,0.5569376,,0.751875,0.5193334,0.5852082,0.5177499,0.6482708,0.559,0.5950418,1.224167,1.069979,0.7735416,0.8925834,0.7616249,0.9436042,0.7736043,1.179375,1.101562,0.9060209,0.8550626,0.9403751,0.7959584,,0.7615834,1.078958,,0.7245,0.5766875,0.7401667,0.7678749,0.8542501,0.4358125,0.6396876,0.7130207,0.7821874,0.7174791,0.8800417,0.7786459,0.9690416,0.7096666,0.7943957,0.6567917,0.631625,0.5665208,0.6628333,0.2756667,0.7077292,0.3888958,0.6101458,0.4818959,0.5707499,0.7338334,0.6409584,0.5271251,0.7640001,0.5811251,0.6360208,0.4801668,0.4025208,0.5136458,0.6178541,0.5430625,0.4514167,0.6368126,0.3946874,0.5967708,0.8588542,0.5564167,0.6857291,0.6630625,0.5911458,0.6069374,0.6081041,0.3677084,0.5112084,0.4829583,0.452375,0.506875,0.4951875,0.3218542,0.6597083,0.4591043,0.3966875,0.5292292,0.6148332,0.5401042,0.6383542,0.5729166,0.7764999,0.6476667,0.7862501,0.7191042,0.6041458,0.6413957,0.4703126,0.5150624,0.6098542,0.5535418,0.5814999,0.5995417,0.3688124,,93.6200414
2022-10-16 08:00:00,206.8851,,13.21385,15.50669,19.754706249999998,17.82919,18.28788,18.07535,18.19867,16.63673,19.09273,19.754706249999998,18.74637,13.81594,18.57913,11.99235,10.61381,17.14754,11.16277,18.46117,9.69121,15.91127,9.471645,8.603938,17.38529,7.583772,16.61719,6.116313,5.756897,16.57423,5.767271,5.431292,15.676,6.08775,15.25521,6.320541,12.36398,6.738855,,9.00504,11.56275,10.41923,11.51383,10.39752,10.19208,16.88263,8.185522,15.09219,6.351063,6.073625,12.8356,7.217457,7.974355,10.14658,13.50479,13.41742,11.9259,16.32406,11.52479,15.9719,11.24639,11.93498,18.31398,13.95438,14.8644,16.66004,15.19765,,16.03502,17.59944,17.95769,13.41377,17.51831,14.76798,17.29692,19.98085,20.00933,19.56721,19.784,19.55006,19.95775,19.79129,20.35588,20.30334,19.82748,19.40789,19.77283,19.5376,,19.32933,19.9181,,19.43327,19.26102,19.53938,19.69525,19.95052,18.96415,19.45592,19.11456,19.54017,18.72141,19.70127,19.37602,19.92163,19.48556,19.72454,19.69892,19.43421,18.79594,19.63817,18.37227,19.61204,18.50252,19.51492,18.6496,18.09941,19.00002,19.5259,19.02544,19.65727,19.29315,19.44542,18.62704,18.85154,17.99798,18.35729,18.2005,19.25098,19.10477,18.91096,18.36294,19.755,18.94175,19.36658,18.31013,19.02227,19.45529,19.60677,18.40852,19.28944,18.82135,18.99354,18.86496,19.2856,18.01562,19.25709,17.50262,18.87098,19.00071,14.15652,18.52885,19.95075,19.07542,19.8209,17.98833,18.55368,19.25148,19.45035,19.23777,19.07556,18.31992,19.26859,18.67252,19.22394,18.99363,17.34348,19.754706249999998,2658.0882385
2022-10-16 09:00:00,514.846,,39.00508,38.87931,39.531462812499996,38.77536,38.60862,38.5025,38.57702,37.69377,39.31137,39.531462812499996,39.29758,35.55254,38.75238,32.28031,30.98802,35.87009,30.85185,38.80444,32.441,35.30725,31.71119,29.01304,38.10473,26.22608,37.91962,28.49837,28.41662,38.164,26.53513,24.62079,38.1516,25.01454,37.44233,24.52206,32.55075,25.80327,,28.65006,29.21221,34.15509,28.11931,30.98723,28.09129,37.59517,26.69762,32.31552,26.6436,27.48769,31.77867,26.5764,30.12552,33.65504,31.39969,32.61704,30.47565,33.68156,30.50006,33.21825,31.95652,32.38538,33.50504,37.85423,33.11335,38.39389,32.71485,,32.95509,39.03564,38.86666,28.90936,37.67844,31.53848,37.42404,39.7289,39.67273,39.31152,39.53921,39.2719,39.85542,39.59408,40.26985,40.02948,39.88889,38.97185,39.64614,39.19239,,38.99234,39.57843,,38.79985,38.77402,39.1039,39.20056,39.57279,38.817,39.15715,38.57406,39.05286,38.32627,39.18732,38.99596,39.59104,39.24919,39.73998,39.57831,39.12523,38.76323,39.31287,38.58958,39.22644,38.7781,39.26336,38.96377,36.46825,38.49271,39.25317,38.85169,39.1351,38.90892,39.18715,38.45573,38.83567,37.56739,39.46021,37.81862,39.29592,38.95235,39.27488,38.77702,39.43169,38.77685,38.96981,37.82513,39.12871,39.23821,39.72913,38.3759,39.25048,38.60548,38.73093,38.82215,39.25035,38.27677,38.90821,36.02425,38.79609,38.86536,37.45079,38.32558,40.00102,39.03442,39.49327,36.40121,36.85392,39.15967,39.26365,39.14804,38.87088,38.32881,38.83094,38.3163,38.98565,38.62402,35.8925,39.531462812499996,5861.576095625
2022-10-16 10:00:00,742.7439,,54.70723,53.99656,54.53727624999999,54.04694,53.78854,53.41496,53.85325,51.72363,54.5346,54.53727624999999,54.64633,52.72979,53.78454,51.83046,49.0875,50.10267,38.34359,54.41217,52.50865,49.83148,51.59192,46.2905,53.62113,48.27771,53.56375,51.93362,48.34439,53.82615,47.01642,44.42115,53.77354,43.29331,52.92406,44.68044,46.12769,43.93248,,46.26835,41.37119,50.48544,40.41421,49.77246,46.28981,53.12719,47.25212,45.45929,48.8945,44.78471,44.7846,44.80402,48.66831,49.46367,44.25281,51.97869,46.9976,46.54992,47.60019,46.29158,46.63333,50.80821,45.5849,52.372,45.86029,53.16548,45.40802,,45.92717,54.25085,54.00246,40.80202,52.35456,44.23056,53.18642,54.62562,54.41273,54.136,54.39244,54.20658,54.84542,54.62061,55.35146,55.03473,55.08021,54.02802,54.64133,53.9529,,53.73423,54.39963,,53.43756,53.4816,53.89671,53.99644,54.32177,53.67286,53.9204,53.19302,53.7364,52.98542,53.82248,53.69242,54.40081,54.10754,54.83271,54.56827,53.97683,53.70096,54.13475,53.59837,54.04404,53.73152,54.17191,53.90977,50.25758,53.00727,54.09106,53.63406,53.84046,53.64383,54.00273,53.30569,53.76802,52.45979,54.41019,52.7319,54.28431,53.93239,54.27164,53.73706,53.93438,53.72084,53.72387,52.71994,54.14477,54.16196,54.86646,53.50535,54.29861,53.51933,53.51609,53.83104,54.22315,53.23579,53.68096,49.94744,53.75246,53.77869,43.76921,53.0345,55.06683,54.01502,54.31798,50.31844,50.6741,54.31983,54.33112,54.34531,53.89033,53.4046,53.64792,52.96823,53.93519,53.49365,50.00854,54.53727624999999,8326.4090125
2022-10-16 11:00:00,906.1876,,61.19879,60.96477,61.17894812499999,61.67019,61.04554,60.07396,60.97496,60.75594,61.04652,61.17894812499999,60.89338,60.99217,60.10558,60.79787,60.43798,58.14846,49.22869,61.2831,60.94975,58.34156,60.94263,60.84183,60.89167,60.68715,61.08779,60.96694,60.19292,61.09335,60.21508,58.61104,61.57671,57.19198,60.79588,58.76336,54.11127,57.56061,,57.14115,48.53454,59.98635,47.74823,59.20792,57.60294,60.87577,60.43279,53.09163,60.38335,58.74144,52.43858,57.70125,59.55373,58.33514,52.18469,60.52567,60.33279,54.05869,58.80238,53.68887,59.15813,60.22652,52.90494,59.72423,52.42779,60.92529,52.98833,,53.75271,61.2534,61.09296,48.07037,60.53431,52.04308,60.82486,60.16444,61.24173,60.9799,60.9515,60.93156,61.05229,60.99656,61.44927,60.12702,61.00477,61.02225,61.02496,61.03237,,60.06807,60.91066,,60.6834,60.75535,60.88391,61.07969,59.17806,60.91685,61.25379,60.57308,60.91035,60.58475,60.96775,60.96642,61.37154,60.99513,61.13873,61.00731,60.99952,61.25271,61.02977,61.00621,60.98721,60.95414,61.07286,61.17729,57.86142,60.57502,60.75252,60.81771,59.31823,60.98489,60.99698,60.83621,61.03854,60.41206,51.44806,60.70689,61.196,61.05085,60.90334,61.08248,60.12889,60.88779,60.64596,59.89563,61.106,60.94996,61.07596,60.96188,60.9949,60.81827,60.99892,61.23246,61.08996,60.68972,60.10677,57.76625,61.05529,60.95821,49.37569,59.8829,60.95777,61.00733,60.88592,57.90356,58.4316,60.09008,61.00706,60.80861,61.07214,60.70042,60.80004,60.5274,61.25604,60.86381,57.92685,61.17894812499999,9583.63654625
2022-10-16 12:00:00,990.3252,,61.2531,61.07375,61.478677499999996,62.07227,61.26177,60.15207,61.14704,61.23586,61.1204,61.478677499999996,60.91844,61.45517,60.14833,61.32714,61.08942,60.05485,51.41394,61.39402,61.3359,60.4084,61.27952,61.33615,61.09746,61.36342,61.32446,61.50613,61.41529,61.29025,61.24027,61.31306,61.96788,60.91531,61.25129,61.49364,56.47094,61.26594,,60.97116,50.90342,61.31098,50.54713,61.30808,60.10383,61.27969,61.50808,55.44806,61.88917,60.08527,55.17717,60.08686,61.55025,61.01123,54.6916,61.39065,61.38815,56.21746,50.78125,55.80948,61.43396,61.21308,54.67937,60.14804,46.01542,35.94352,55.27983,,56.04808,61.43027,61.27869,50.43039,61.48613,54.60621,61.17667,60.16531,61.32469,61.12898,61.00377,60.99819,61.0666,61.03344,61.47265,60.13208,61.02979,61.13796,61.08869,61.14916,,60.08829,60.97979,,60.94415,61.00279,61.04817,61.24314,59.16073,61.15402,61.55458,60.82004,61.10806,60.84892,61.17254,61.17552,61.48219,61.07465,61.16781,61.05735,61.16661,61.59177,61.15171,61.28714,61.13669,61.17554,61.195,61.41277,59.51665,60.95689,60.8055,61.04477,59.34314,61.24469,61.14713,61.21436,61.2584,61.0669,46.14587,61.18506,61.33664,61.19389,60.99019,61.3563,60.16412,61.08487,60.76575,60.08298,61.22092,61.03675,61.11537,61.32233,61.07369,61.14296,61.34115,61.57006,61.22446,61.11412,60.14256,60.13329,61.31925,61.21498,40.08012,60.02388,60.98811,61.22896,60.93954,59.56902,60.0014,60.08923,61.07952,60.86746,61.26171,61.04706,60.95856,61.03984,61.48442,61.23792,60.32683,61.478677499999996,9642.009715
2022-10-16 13:00:00,982.4099,,61.29354,61.09164,61.46719843749999,62.07196,61.29831,60.15435,61.19735,57.1501,61.13631,61.46719843749999,60.94986,61.51044,60.15019,61.37448,61.11702,59.05075,50.76157,61.44108,61.40831,59.4726,61.32169,61.39183,61.14306,61.40694,61.36044,59.41344,61.45627,61.33739,61.28939,61.17937,61.99083,60.47519,61.29196,61.37279,55.65706,60.89054,,59.88475,49.97564,61.34906,49.76602,61.08786,59.81898,61.32235,61.55252,54.6604,61.73523,60.02277,54.5104,60.09008,61.25795,60.41246,53.80252,61.42573,61.41292,55.41,51.69092,55.06635,61.46296,61.20056,54.06892,60.14875,45.52796,36.64102,54.73069,,55.60875,61.47433,61.3214,50.21429,61.49973,54.13667,61.22562,60.16758,60.82198,61.16825,60.45821,61.03027,60.5746,61.06227,61.50794,60.13729,61.05936,61.17336,60.61211,61.18915,,60.09183,61.01239,,60.34308,61.03981,60.46046,61.27746,58.68948,60.52585,61.51771,60.84823,60.597,60.33477,61.15519,61.2119,61.47608,60.60392,60.6839,61.0911,61.19275,60.8629,61.16396,61.34577,61.16693,60.81619,60.72206,60.94363,58.45835,60.92039,60.84587,60.64744,58.58533,60.51681,61.18383,60.70348,60.54973,61.01325,45.37331,61.18771,61.38692,61.22956,61.03723,61.39354,60.16502,60.63668,60.25783,60.08131,61.25496,61.07204,61.14673,61.37575,60.60675,61.17756,61.36736,61.07725,61.2686,61.14408,60.14161,58.91692,61.36817,61.26727,32.04071,60.02363,61.02364,61.25779,60.96623,58.54069,59.03841,60.11244,61.12123,60.89404,61.31044,61.08877,60.97779,61.05585,61.53183,61.26894,59.16044,61.46719843749999,9596.967236874998
2022-10-16 14:00:00,885.8066,,58.98029,58.12348,58.83761718750001,58.20969,58.31939,57.69279,58.42075,58.11079,58.59542,58.83761718750001,58.88183,58.89683,57.97621,58.6694,58.27173,54.33773,47.03642,59.21631,59.69779,54.98173,59.77565,59.81,58.75111,59.62554,59.04781,48.19185,58.85194,59.08216,58.68267,56.41142,58.77364,55.35871,58.27015,56.77533,51.18875,55.50727,,54.21846,45.71817,57.44331,45.10467,56.05629,54.3941,58.32146,57.36558,49.92433,56.84844,55.7725,49.66131,57.25742,55.9835,54.94956,48.65984,57.61452,57.01725,50.46023,44.39385,50.1225,57.54042,57.08366,49.63198,56.77115,41.77277,27.98186,50.04952,,51.17487,59.499,59.2764,46.56623,57.74944,49.75029,58.94891,57.69217,57.73492,57.57579,57.7945,58.04929,58.26231,58.47967,58.88579,58.4836,58.68398,57.96373,58.22387,57.76854,,57.45073,57.88559,,56.70619,57.09756,57.29665,57.66621,57.22833,57.48185,57.21804,56.85809,57.06758,56.7195,57.05113,57.34952,57.61402,57.86421,58.62933,57.93442,57.39421,57.59644,57.39425,57.49081,57.41573,57.59271,57.55729,57.69563,53.24092,56.50081,57.36348,57.31327,56.97409,57.20248,57.37189,56.87448,57.35506,56.35244,41.33515,56.96016,57.72304,57.7031,57.70781,57.59644,57.03337,57.56135,57.05642,56.40642,58.0044,57.81677,58.36098,57.45939,58.0113,57.12289,57.15146,57.64856,57.72354,56.94432,56.9551,53.46471,57.41081,57.30948,29.00683,56.29933,58.35191,57.40719,57.56567,53.46186,53.82119,57.7211,57.99963,57.85735,57.673,57.22783,57.27092,56.64902,57.71633,57.00389,53.58573,58.83761718750001,9017.770454375
2022-10-16 15:00:00,741.5144,,49.7455,48.87056,49.882251562499995,49.11783,49.06881,48.79454,49.23991,49.03167,49.39243,49.882251562499995,49.8175,50.078,49.17177,49.75329,49.48442,45.75973,39.94723,50.13396,51.08354,46.47048,51.28754,51.33175,49.8241,51.19904,50.20929,51.28371,50.05906,50.13329,49.93018,47.65131,49.83644,46.51494,49.24858,47.57922,43.23525,46.54156,,45.64258,38.45981,48.06556,37.93131,46.78356,45.23244,49.08715,47.81515,41.98152,47.62843,46.5136,41.59587,47.96721,46.69181,45.40131,40.53683,47.91835,47.57781,42.14965,41.08102,41.79712,48.26002,47.67804,41.54942,47.53019,35.03337,39.8173,42.01496,,43.09948,50.13646,49.9805,39.51989,48.58738,42.02588,49.80339,48.73883,48.13227,48.37486,48.4776,48.59158,48.85437,48.98019,49.49348,49.30396,49.27083,48.50877,48.90027,48.30446,,48.24192,48.56265,,47.69596,47.8245,48.22696,48.35175,48.31594,48.22971,48.12387,47.62585,47.90498,47.39408,47.96083,48.0559,48.44857,48.4696,49.16925,48.84369,48.36027,48.43173,48.32261,48.25756,48.35546,48.38742,48.44581,48.4561,44.88729,47.41625,48.28111,48.0891,48.10109,47.96494,48.36844,47.81456,48.36644,47.26127,34.87532,47.64339,48.74238,48.48775,48.70606,48.48194,48.32398,48.42467,48.07092,47.27967,48.74604,48.7554,49.31073,48.1049,48.94856,48.02556,48.21902,48.49302,48.65148,47.83931,48.07512,44.94269,48.39229,48.08629,24.45833,47.59062,49.31517,48.36213,48.63615,44.99175,45.48577,48.66421,48.92815,48.74,48.58237,47.99419,48.29075,47.58048,48.67415,47.91454,44.9299,49.882251562499995,7621.195383125
2022-10-16 16:00:00,519.9914,,34.30977,33.68979,34.6862903125,33.99398,33.89083,33.78035,34.04377,34.12173,34.13464,34.6862903125,34.46348,35.15752,34.13571,34.81792,34.75204,31.65067,28.07808,34.71315,35.97883,32.30733,36.1694,36.28939,34.62252,36.31315,34.98685,35.74129,35.24154,34.83411,35.11296,33.32787,34.57583,32.23542,34.29567,33.00904,30.08629,31.64498,,31.03164,26.52854,33.12819,26.1345,32.13465,31.06483,33.66885,32.82542,29.14588,32.63119,31.57212,28.63186,32.72581,31.81591,30.58684,27.60287,32.6926,32.44815,28.83907,34.00771,28.53842,33.32904,32.79861,28.51733,32.74488,25.03954,33.49121,29.03489,,29.93004,34.497,34.44323,27.70634,33.60688,29.32742,34.47263,33.50533,32.84481,33.26342,33.24948,33.30658,33.45198,33.59921,34.03319,33.79502,33.7319,33.29446,33.5606,33.10236,,33.08744,33.23575,,32.76836,32.81723,33.18645,33.30209,33.18077,33.18698,33.06709,32.69494,32.87642,32.46742,32.95479,33.06036,33.32573,33.27567,33.73583,33.63963,33.29333,33.38606,33.25296,33.18727,33.30048,33.37696,33.30621,33.34179,30.92717,32.64059,33.16325,33.05723,33.12071,32.95748,33.28521,32.911,33.24834,32.2925,24.12529,32.6879,33.58814,33.39513,33.47981,33.46198,33.41217,33.41415,33.04625,32.47594,33.59385,33.54725,33.94656,33.07373,33.68756,33.08908,33.24934,33.4739,33.46806,32.88675,33.10337,30.96227,33.26389,33.04431,19.38754,32.80921,34.06987,33.48687,33.60202,31.08307,31.40519,33.46346,33.63362,33.58346,33.36279,32.94358,33.21833,32.83417,33.5215,32.96775,30.84438,34.6862903125,5270.915890625
2022-10-16 17:00:00,239.665,,14.58164,14.1326,15.166553750000002,14.46662,14.485,14.46563,14.59236,14.87533,14.58294,15.166553750000002,14.73294,15.69011,14.76121,15.43196,15.46369,13.555,12.60017,14.99933,16.19631,14.09242,16.41417,16.53321,15.05515,16.67752,15.3656,16.78223,15.96175,15.19454,15.75415,14.82425,15.02938,14.17714,14.9961,14.37492,13.14038,13.37275,,13.08104,11.27752,14.24413,11.19935,13.75069,13.25313,14.34504,14.01371,12.66831,13.72644,12.96925,12.18436,13.73731,13.09694,12.61511,11.35013,13.74815,13.34083,12.09461,14.42481,11.91517,14.25483,13.84208,11.92592,13.88283,12.42096,14.22317,12.39827,,13.02988,14.65077,14.6714,12.28327,14.43664,12.89833,14.85806,13.96227,13.57389,13.61708,13.55792,13.84442,13.58533,14.00454,14.06658,14.16514,13.81458,13.71846,13.907,13.75923,,13.78888,13.60029,,13.07765,13.5935,13.41617,13.92271,13.36444,13.78458,13.41761,13.52677,13.30569,13.36117,13.44304,13.79942,13.68123,13.80631,14.08838,13.44758,13.29075,13.9829,13.25819,13.69377,13.29773,13.87417,13.28588,13.79583,12.40025,13.55008,13.22769,13.66252,13.29634,13.63815,13.59006,13.75865,13.48863,13.22296,11.63942,13.5211,13.71702,13.9625,13.52417,14.12206,13.59973,13.92935,13.17415,13.448,14.1319,13.94369,14.12575,13.91523,14.04767,13.93398,13.84179,14.16354,13.80546,13.69602,13.58906,13.07569,13.56258,13.84848,11.00829,13.68719,14.2254,14.25623,14.08309,13.16348,13.19196,14.08358,13.95704,14.17383,13.86475,13.58319,13.81598,13.81273,14.071,13.86025,12.9486,15.166553750000002,2226.9253875000004
2022-10-16 18:00:00,5.764343,,0.6508611,0.5700276,0.0,0.6752221,0.698111,0.7483889,0.7110557,0.769889,0.6882223,0.0,0.6487501,0.9225835,0.7901388,0.8524166,0.8321388,0.6125,0.7352223,0.749639,0.9157221,0.7143889,0.9613889,0.945111,0.6771946,1.04075,0.7372501,1.118639,0.9898056,0.6603056,0.8757222,0.8035278,0.6596944,0.7918054,0.6716111,0.85525,0.5599166,0.7004721,,0.6807224,0.3686389,0.6746944,0.3595278,0.6566387,0.702611,0.4014167,0.5541946,0.4614722,0.5061944,0.5929167,0.3789721,0.6309165,0.523361,0.4317501,0.4531017,0.5880832,0.473139,0.3754721,0.6904722,0.4504446,0.5949444,0.5850554,0.3541667,0.5938962,0.5320556,0.6455557,0.439889,,0.5666665,0.6804444,0.6766112,0.5030279,0.702611,0.5121946,0.6884721,0.4321389,0.456139,0.3315,0.3010556,0.33775,0.3101389,0.3794444,0.4944999,0.5169167,0.30825,0.3693055,0.3664722,0.3708333,,0.4145557,0.2925,,0.2947778,0.3222222,0.3212222,0.4344999,0.2657222,0.3258333,0.3499445,0.2841666,0.2979167,0.31175,0.3359444,0.3808056,0.3498333,0.3359167,0.3775278,0.3368333,0.3283333,0.391861,0.3211389,0.2910833,0.3673056,0.323,0.3236944,0.3523333,0.3336667,0.3203889,0.2717778,0.30175,0.3401111,0.3184444,0.3359722,0.3893611,0.2815556,0.3664166,0.4307778,0.3714722,0.3205833,0.3689443,0.2555833,0.4593054,0.4602776,0.34175,0.2698056,0.4111946,0.4127779,0.3364444,0.3581667,0.4955278,0.3475833,0.4998057,0.3476111,0.5481946,0.3349722,0.4606667,0.3388611,0.4594723,0.304,0.4309446,0.386,0.478889,0.368,0.494639,0.3651667,0.4734168,0.4485279,0.55525,0.3785278,0.5492501,0.3425,0.4750278,0.3336111,0.5268056,0.4692222,0.5379165,0.4925834,,79.3687204
2022-10-16 19:00:00,0.0,,,,,,,,,,,,,,,,,,,,,,,,,,,,,,,,,,,,,,,,,,,,,,,,,,,,,,,,,,,,,,,,,,,,,,,,,,,,,,,,,,,,,,,,,,,,,,,,,,,,,,,,,,,,,,,,,,,,,,,,,,,,,,,,,,,,,,,,,,,,,,,,,,,,,,,,,,,,,,,,,,,,,,,,0.0
2022-10-16 20:00:00,0.0,,,,,,,,,,,,,,,,,,,,,,,,,,,,,,,,,,,,,,,,,,,,,,,,,,,,,,,,,,,,,,,,,,,,,,,,,,,,,,,,,,,,,,,,,,,,,,,,,,,,,,,,,,,,,,,,,,,,,,,,,,,,,,,,,,,,,,,,,,,,,,,,,,,,,,,,,,,,,,,,,,,,,,,,0.0
2022-10-16 21:00:00,0.0,,,,,,,,,,,,,,,,,,,,,,,,,,,,,,,,,,,,,,,,,,,,,,,,,,,,,,,,,,,,,,,,,,,,,,,,,,,,,,,,,,,,,,,,,,,,,,,,,,,,,,,,,,,,,,,,,,,,,,,,,,,,,,,,,,,,,,,,,,,,,,,,,,,,,,,,,,,,,,,,,,,,,,,,0.0
2022-10-16 22:00:00,0.0,,,,,,,,,,,,,,,,,,,,,,,,,,,,,,,,,,,,,,,,,,,,,,,,,,,,,,,,,,,,,,,,,,,,,,,,,,,,,,,,,,,,,,,,,,,,,,,,,,,,,,,,,,,,,,,,,,,,,,,,,,,,,,,,,,,,,,,,,,,,,,,,,,,,,,,,,,,,,,,,,,,,,,,,0.0
2022-10-16 23:00:00,0.0,,,,,,,,,,,,,,,,,,,,,,,,,,,,,,,,,,,,,,,,,,,,,,,,,,,,,,,,,,,,,,,,,,,,,,,,,,,,,,,,,,,,,,,,,,,,,,,,,,,,,,,,,,,,,,,,,,,,,,,,,,,,,,,,,,,,,,,,,,,,,,,,,,,,,,,,,,,,,,,,,,,,,,,,0.0
2022-10-17 00:00:00,0.0,,,,,,,,,,,,,,,,,,,,,,,,,,,,,,,,,,,,,,,,,,,,,,,,,,,,,,,,,,,,,,,,,,,,,,,,,,,,,,,,,,,,,,,,,,,,,,,,,,,,,,,,,,,,,,,,,,,,,,,,,,,,,,,,,,,,,,,,,,,,,,,,,,,,,,,,,,,,,,,,,,,,,,,,0.0
2022-10-17 01:00:00,0.0,,,,,,,,,,,,,,,,,,,,,,,,,,,,,,,,,,,,,,,,,,,,,,,,,,,,,,,,,,,,,,,,,,,,,,,,,,,,,,,,,,,,,,,,,,,,,,,,,,,,,,,,,,,,,,,,,,,,,,,,,,,,,,,,,,,,,,,,,,,,,,,,,,,,,,,,,,,,,,,,,,,,,,,,0.0
2022-10-17 02:00:00,0.0,,,,,,,,,,,,,,,,,,,,,,,,,,,,,,,,,,,,,,,,,,,,,,,,,,,,,,,,,,,,,,,,,,,,,,,,,,,,,,,,,,,,,,,,,,,,,,,,,,,,,,,,,,,,,,,,,,,,,,,,,,,,,,,,,,,,,,,,,,,,,,,,,,,,,,,,,,,,,,,,,,,,,,,,0.0
2022-10-17 03:00:00,0.0,,,,,,,,,,,,,,,,,,,,,,,,,,,,,,,,,,,,,,,,,,,,,,,,,,,,,,,,,,,,,,,,,,,,,,,,,,,,,,,,,,,,,,,,,,,,,,,,,,,,,,,,,,,,,,,,,,,,,,,,,,,,,,,,,,,,,,,,,,,,,,,,,,,,,,,,,,,,,,,,,,,,,,,,0.0
2022-10-17 04:00:00,0.0,,,,,,,,,,,,,,,,,,,,,,,,,,,,,,,,,,,,,,,,,,,,,,,,,,,,,,,,,,,,,,,,,,,,,,,,,,,,,,,,,,,,,,,,,,,,,,,,,,,,,,,,,,,,,,,,,,,,,,,,,,,,,,,,,,,,,,,,,,,,,,,,,,,,,,,,,,,,,,,,,,,,,,,,0.0
2022-10-17 05:00:00,0.0,,,,,,,,,,,,,,,,,,,,,,,,,,,,,,,,,,,,,,,,,,,,,,,,,,,,,,,,,,,,,,,,,,,,,,,,,,,,,,,,,,,,,,,,,,,,,,,,,,,,,,,,,,,,,,,,,,,,,,,,,,,,,,,,,,,,,,,,,,,,,,,,,,,,,,,,,,,,,,,,,,,,,,,,0.0
2022-10-17 06:00:00,0.0,,,,,,,,,,,,,,,,,,,,,,,,,,,,,,,,,,,,,,,,,,,,,,,,,,,,,,,,,,,,,,,,,,,,,,,,,,,,,,,,,,,,,,,,,,,,,,,,,,,,,,,,,,,,,,,,,,,,,,,,,,,,,,,,,,,,,,,,,,,,,,,,,,,,,,,,,,,,,,,,,,,,,,,,0.0
2022-10-17 07:00:00,10.20835,,0.5652292,0.7454583,0.0,0.3562292,0.5460624,0.8011874,0.4132916,0.5077708,0.6976875,0.0,0.5468333,0.4214791,0.821625,0.4023334,0.5460208,0.5672082,0.4703957,0.5283959,0.2511042,0.4130417,0.5169584,0.4420833,0.4835209,0.4705416,0.5116251,0.5588958,0.4797709,0.4704584,0.4005624,0.3690417,0.4855832,0.3671041,0.4569167,0.3454167,0.2997917,0.4243957,,0.3580208,0.3028958,0.3255625,0.3194583,0.4746042,0.6812083,0.3396042,0.3118958,0.7153334,0.2463333,0.6982293,0.3422292,0.7043125,0.4320626,0.2451042,0.7191042,0.5710416,0.3098958,0.39175,0.4834583,0.2436875,0.5029791,0.5192499,0.4710834,0.799,0.3990417,0.4111876,0.4193958,,0.5867916,0.4689792,0.4910832,0.406875,0.5525626,0.4206874,0.5262291,0.9965208,0.8123334,0.5759584,0.6987501,0.6531875,0.7617292,0.659625,1.050812,0.9705207,0.7461874,0.7126249,0.7901458,0.5973959,,0.5568749,0.8900625,,0.6238125,0.5077083,0.5957499,0.6753124,0.7290417,0.3031875,0.45325,0.6380625,0.6340626,0.650375,0.7406666,0.7121042,0.8101251,0.5824166,0.7006251,0.6214791,0.5775418,0.5488542,0.6088126,0.2353333,0.6949793,0.3495417,0.5311666,0.4520417,0.4898542,0.7323541,0.5931458,0.4604793,0.6774374,0.5266459,0.6356667,0.4779374,0.3661876,0.5152708,0.6036874,0.5494167,0.4185833,0.64175,0.3627083,0.5880208,0.8786459,0.548375,0.6801041,0.6495833,0.5611042,0.6153126,0.6053957,0.3314583,0.4881457,0.4811459,0.4117917,0.4608749,0.4901251,0.2726042,0.6644375,0.4431042,0.3606668,0.5181041,0.7214167,0.5405418,0.5965832,0.5640833,0.8100832,0.6788126,0.8146667,0.7366876,0.5978126,0.6616042,0.4270833,0.5201874,0.6211251,0.5924375,0.59075,0.6016458,0.3704792,,86.8700616
2022-10-17 08:00:00,205.5915,,13.12056,15.30689,20.525986562499995,17.9251,18.578,18.33965,18.50023,16.97862,19.39485,20.525986562499995,19.10052,13.79248,18.88246,12.02627,10.68163,17.39123,11.20729,18.76371,9.701521,16.14546,9.324834,8.565499,17.60252,7.633604,16.88575,5.568313,5.464812,16.81981,5.542333,5.39227,15.81869,5.885437,15.30483,5.95227,12.45727,6.443145,,8.632479,11.58533,10.26348,11.53902,10.2196,10.23694,16.86852,8.194333,15.26821,6.305083,5.851687,12.82467,6.807042,7.630104,9.908564,13.45454,13.14675,12.0065,16.47563,11.67708,16.2487,11.29002,12.13508,18.84887,13.79429,15.13361,16.55519,15.20921,,16.4325,17.97477,18.47414,13.75035,18.0326,15.14246,17.95308,20.7645,20.60163,20.49096,20.6804,20.14512,20.86558,20.477,21.31068,20.89719,20.70617,19.96398,20.5615,20.15362,,19.82825,20.68102,,20.28292,19.81252,20.30619,20.31313,20.84237,19.47313,20.21289,19.78352,20.38227,19.22171,20.62054,20.00109,20.89912,20.13358,20.34641,20.39679,20.10148,19.21054,20.35762,18.9051,20.40962,18.98763,20.19156,19.06308,18.85721,19.49085,20.33937,19.46684,20.45719,19.82467,20.13883,19.05541,19.52513,18.35006,15.56781,18.59625,19.9341,19.53371,19.52814,18.63027,20.4719,19.35673,20.07039,18.70681,19.50025,20.15483,20.25612,18.79015,19.93598,19.23858,19.63979,19.24979,19.96873,18.3211,19.9391,17.92923,19.52227,19.40952,20.26019,18.96242,20.71236,19.51996,20.57648,18.42192,19.25892,19.81298,20.1599,19.73404,19.72273,18.74158,20.02994,19.2004,19.94441,19.45425,17.80408,20.525986562499995,2721.876343125
2022-10-17 09:00:00,516.4507,,39.26511,39.40108,40.11275562500001,39.24633,39.11435,39.0024,39.05025,38.23098,39.76685,40.11275562500001,39.75217,36.11167,39.21981,32.61825,31.26475,36.26746,31.17863,39.27496,32.53729,35.68048,32.14483,29.27744,38.52844,26.53888,38.35121,20.76788,28.71142,38.57277,26.63104,24.81298,38.5956,25.17196,37.86385,24.45933,32.92573,26.13717,,28.26881,29.52396,34.13608,28.39571,31.30033,28.37696,37.98975,26.90542,32.63502,26.25839,27.63407,32.19473,26.81167,29.79213,33.54656,31.82265,33.14,30.90502,34.11398,30.8945,33.69629,32.28173,32.333,33.6341,38.32617,33.65337,38.91227,33.32831,,33.59064,39.70794,39.52629,29.52666,38.30442,32.10323,38.10984,40.24602,40.18708,39.91911,40.14698,39.82773,40.41225,40.18856,40.80521,40.56785,40.42173,39.4235,40.16327,39.74771,,39.58417,40.19821,,39.43702,39.2831,39.67819,39.70932,40.24166,39.28793,39.74515,39.09666,39.68586,38.82275,39.83213,39.55108,40.2259,39.80321,40.32696,40.22096,39.72025,39.26717,39.9291,39.06794,39.89544,39.24696,39.80534,39.41833,37.06517,38.98359,39.90054,39.32819,39.77696,39.42002,39.795,38.95752,39.42129,38.06531,30.58752,38.30802,39.91254,39.45142,39.88494,39.21938,40.06858,39.26871,39.59867,38.30965,39.61367,39.8526,40.34338,38.84311,39.85008,39.10902,39.30788,39.24688,39.89064,38.74519,39.52494,36.45642,39.39446,39.34431,39.75827,38.83075,40.54039,39.5065,40.13031,36.91212,37.41698,39.71912,39.86948,39.70213,39.45002,38.85927,39.42513,38.87811,39.59769,39.14791,36.39173,40.11275562500001,5920.4981612500005
2022-10-17 10:00:00,740.0584,,47.72485,47.19593,47.99191000000001,47.11515,47.03388,46.6904,47.04544,46.2701,47.55427,47.99191000000001,47.70336,46.20527,46.94317,45.37669,42.94115,43.742,37.5119,47.5805,45.94448,43.62408,45.21344,40.58783,46.96486,42.07686,46.9061,45.61796,42.31458,47.06789,41.7579,39.4495,47.02931,37.82733,46.30579,39.20364,40.63296,38.26156,,40.51204,36.49179,44.50344,35.63594,43.65223,40.72166,46.79642,42.17079,40.1484,42.75696,39.80967,39.77148,39.35033,42.03294,43.69246,39.20179,46.02548,42.20475,41.35352,41.13146,41.15275,40.35058,44.36213,40.53452,46.54771,40.97679,45.49946,40.68063,,41.12648,48.38914,48.15267,36.72102,46.59427,39.72225,47.44077,47.78256,47.81298,47.50881,47.71785,47.57025,48.0989,47.99631,48.58056,48.30029,48.33059,47.52677,47.93846,47.45281,,47.20496,47.85333,,46.96267,46.89419,47.28912,47.27875,47.74361,47.22361,47.33865,46.93156,47.24906,46.43979,47.39054,47.39715,47.81194,47.76106,48.15137,47.92358,47.56889,47.30013,47.75465,47.23486,47.72896,47.03119,47.75452,47.44619,44.43531,46.77012,47.76781,46.97481,47.64454,47.33059,47.68631,46.9434,47.44185,45.90717,37.74871,46.49344,47.94158,47.50763,47.87902,46.97358,47.68808,47.34217,47.45254,46.40923,47.39704,47.84723,48.49465,47.19385,48.00487,47.13042,47.40325,47.14565,48.05489,46.90929,47.50433,44.02092,47.49698,47.0675,44.04154,46.72729,48.55421,47.48589,47.93413,44.18938,44.81373,47.82437,48.07571,47.74644,47.70985,46.89144,47.46558,46.80054,47.75073,47.13273,44.1359,47.99191000000001,7328.18836
2022-10-17 11:00:00,894.0648,,60.8632,60.49512,60.76922250000001,60.95196,60.60198,59.65102,60.60567,57.79964,60.73814,60.76922250000001,60.63462,60.42044,59.79919,60.18362,59.77275,56.79458,48.25013,60.95502,60.46898,57.02494,60.44041,60.26408,60.41283,59.99894,60.63356,47.30623,59.25079,60.66823,59.30558,57.25804,60.94871,55.73208,60.17483,57.41696,53.02942,56.2594,,55.83979,47.54852,58.94569,46.77573,57.84727,56.25656,60.42479,59.57177,51.93944,59.19683,58.19556,51.52323,57.43512,58.10623,57.07002,51.26771,59.76235,59.61179,53.0315,52.9468,52.79646,56.58041,59.53189,52.04467,59.25308,50.12312,23.95973,52.2516,,53.10775,61.1525,60.96093,47.72311,60.08154,51.33208,60.61842,59.97488,60.76225,60.49308,60.52808,60.52071,60.71471,60.76904,61.16275,60.05231,60.81665,60.56935,60.71894,60.523,,59.78209,60.63938,,59.95504,60.14423,60.26786,60.53383,59.13923,60.33323,60.49829,59.90665,60.25021,59.80702,60.30277,60.34025,60.78267,60.49179,60.91927,60.64362,60.4169,60.56056,60.51965,60.39248,60.54525,60.38354,60.55052,60.58552,56.58846,59.75827,60.35534,60.24533,59.18536,60.33102,60.44919,60.0411,60.42923,59.4836,55.37879,59.91077,60.69664,60.43081,60.49594,60.35539,59.74654,60.27946,60.06479,59.30752,60.59106,60.58902,60.87948,60.36942,60.67884,60.20429,60.35796,60.56387,60.73144,59.97483,59.77677,56.43092,60.4846,60.31104,45.7396,59.39277,60.71308,60.30323,60.46256,56.57209,57.04696,59.8446,60.67975,60.394,60.60023,60.11827,60.29292,59.85708,60.78238,60.21156,56.76956,60.76922250000001,9423.018854999998
2022-10-17 12:00:00,973.8828,,61.30665,61.10714,61.50618406250001,61.95583,61.31977,60.09373,61.2136,61.31733,61.09054,61.50618406250001,60.90017,61.50981,60.15408,61.3495,61.13569,58.75754,50.41275,61.47471,61.36844,59.12594,61.29094,61.34244,61.14915,61.37033,61.39161,23.15256,61.48831,61.318,61.28983,60.78667,62.00748,59.54267,61.30123,61.11056,55.23698,60.45952,,59.62986,49.82219,61.35952,49.49156,60.96508,59.46059,61.3358,61.59742,54.22393,61.93127,60.09296,54.17693,60.09431,61.50525,59.95571,53.67346,61.48661,61.47765,55.1401,45.99218,54.88342,61.41875,61.25431,53.75767,60.15246,45.27844,30.10352,54.37317,,55.21498,61.49012,61.33742,49.83413,61.52623,53.60189,61.20762,60.17008,61.35048,61.19289,61.03581,61.01287,61.04477,61.11923,61.46725,60.08556,61.05563,61.17996,61.12475,61.19327,,60.14596,61.02348,,60.99252,61.10267,61.07546,61.29961,59.17487,61.21642,61.61452,60.88069,61.15848,60.8546,61.22477,61.2364,61.52639,61.11781,61.23381,61.05508,61.17635,61.65906,61.17673,61.36256,61.22392,61.22657,61.1974,61.45917,58.17821,60.98354,60.90411,61.10546,59.38186,61.31404,61.1885,61.26479,61.34,61.13923,45.17531,61.23191,61.39423,61.21104,61.02388,61.33508,60.1689,61.11569,60.76246,60.08567,61.23871,61.08046,61.15973,61.3684,61.12698,61.19831,61.38967,61.57467,61.33102,61.16898,60.20977,58.70025,61.39052,61.2309,34.74369,60.20677,60.98742,61.25193,60.96552,58.14016,58.68713,60.05075,61.14883,60.86998,61.32883,61.0984,60.99694,61.16169,61.58969,61.27783,58.89696,61.50618406250001,9561.013028125
2022-10-17 13:00:00,971.8174,,61.30206,61.10287,61.6390184375,61.95565,61.33744,60.0924,61.22423,53.74111,61.08688,61.6390184375,60.89596,61.53129,60.15144,61.35515,61.13639,58.97502,50.71417,61.47786,61.40896,59.34069,61.31348,61.36671,61.13888,61.38104,61.40829,26.41319,61.48531,61.33313,61.29723,61.06585,62.00731,60.158,61.3189,61.23592,55.47387,60.58627,,59.5269,49.77463,61.37375,49.52796,60.93779,59.62769,61.36235,61.60437,54.32379,61.6715,60.03831,54.28,60.09113,61.10746,60.11869,53.30888,61.50215,61.46156,54.98177,45.72931,54.55077,61.42548,61.23581,53.72196,60.14969,45.23415,48.8806,54.36385,,55.28302,61.52271,61.34998,50.01867,61.55483,53.74754,61.23179,60.16962,61.35388,60.68444,61.02483,60.50171,61.04952,60.60962,60.95667,60.08027,61.06186,61.18983,61.13425,60.92883,,60.14646,61.01563,,60.99821,60.83565,61.08884,61.30192,59.1609,60.57014,61.10658,60.8864,61.16658,60.11627,61.22813,60.73548,61.53477,61.12823,61.24023,60.5419,61.18563,61.65873,61.17371,60.85879,61.23831,60.72692,61.11244,61.48535,57.83012,60.39841,60.53425,60.60073,59.38488,60.82458,61.18029,61.25908,61.35023,60.54633,45.34525,60.72827,60.89133,61.20342,60.51873,60.83323,60.16977,61.114,60.3144,60.08781,61.24931,61.07904,61.16552,61.38402,61.13664,61.20931,60.88204,61.59117,60.81837,66.19081,60.21177,58.34794,61.40329,60.70707,32.27721,60.20639,60.99704,61.24873,60.97131,58.29581,58.87342,60.05148,61.14906,60.87138,61.33992,61.09737,60.99656,61.15698,61.61273,61.29492,59.00998,61.6390184375,9566.641056875
2022-10-17 14:00:00,886.1126,,59.69069,58.8299,59.432041562500004,59.02306,59.03683,58.29315,59.10906,54.08779,59.18473,59.432041562500004,59.31741,59.54767,58.53269,59.32427,58.92336,55.10083,47.65352,59.78434,60.1501,55.69712,60.22263,60.19154,59.32208,60.07683,59.59761,12.98806,59.43019,59.61852,59.19769,56.96564,59.52442,55.81594,58.88813,57.22179,51.8085,55.90108,,54.61964,46.25677,57.87061,45.62481,56.46817,54.72708,59.01746,57.75813,50.47271,57.25346,56.22275,50.33977,57.62196,56.42131,55.299,49.13031,58.04821,57.46383,50.99186,42.65873,50.45569,57.94461,57.54339,50.10398,57.15315,42.17738,30.42725,50.55111,,51.69356,59.94106,59.76298,47.04665,58.39608,50.24558,59.57223,58.43967,58.32527,58.41898,58.5564,58.60179,58.94396,59.05504,59.52323,58.82656,59.28083,58.56038,58.98458,58.35994,,57.98539,58.71531,,57.72406,57.8785,58.25775,58.36848,57.80835,58.21431,58.16902,57.56477,57.94986,57.38186,57.96844,58.01138,58.50917,58.42542,59.17608,58.78358,58.3421,58.31164,58.37186,58.26248,58.45115,58.35194,58.48198,58.43806,54.25677,57.25427,58.36837,58.07938,57.79123,57.93589,58.31694,57.6151,58.35791,57.06316,42.0354,57.70152,58.72229,58.40527,58.63512,58.32844,57.95246,58.24213,57.98973,57.10071,58.68431,58.65683,59.15877,58.17898,58.82191,57.90552,58.06323,58.41256,58.66602,57.74796,57.76206,54.15452,58.3439,58.02723,33.88715,57.01335,59.13608,58.37719,58.44129,54.14923,54.78173,58.34848,58.87244,58.61063,58.58463,58.02738,58.17952,57.53139,58.63285,57.81321,54.36398,59.432041562500004,9089.468513125
2022-10-17 15:00:00,730.7296,,49.34423,48.44466,49.34232062500002,48.67929,48.61994,48.33154,48.77654,48.5875,48.88479,49.34232062500002,49.29879,49.52633,48.71254,49.23152,48.96179,45.32696,39.54077,49.65029,50.52971,45.98019,50.74179,50.73404,49.33748,50.58833,49.68489,46.80339,49.49138,49.64586,49.34229,47.09327,49.41458,45.94377,48.79908,46.97087,42.84629,46.01711,,45.04438,38.10827,47.48769,37.57075,46.22033,44.6651,48.64033,47.32775,41.5794,47.08646,46.01661,41.24583,47.45479,46.17148,44.89773,40.1601,47.49773,47.14402,41.76336,36.20108,41.44537,47.765,47.21044,41.18415,47.10119,34.73975,32.46375,41.70037,,42.77302,49.67873,49.55994,39.16235,48.19383,41.69598,49.36208,48.37596,47.78956,48.06189,48.15954,48.2249,48.50454,48.67648,49.13754,48.96002,48.93694,48.15921,48.56402,47.9244,,47.89465,48.19798,,47.37306,47.46427,47.841,47.95845,47.94754,47.84367,47.77598,47.29694,47.58985,47.01885,47.64888,47.72473,48.13531,48.08796,48.82227,48.40881,47.93371,47.99729,47.95217,47.88237,48.04685,47.99621,48.02133,48.01631,44.59212,47.01117,47.97577,47.65594,47.77362,47.57885,47.95433,47.40806,47.96173,46.85269,34.58292,47.21927,48.32352,48.04808,48.25329,48.00556,47.92154,47.99519,47.63375,46.85817,48.31006,48.37044,48.92329,47.68577,48.56181,47.63844,47.84754,48.10302,48.3294,47.47952,47.67677,44.56533,48.00344,47.6582,37.9744,47.195,48.8811,48.00467,48.19919,44.56144,45.05831,48.22485,48.5035,48.25912,48.14981,47.54015,47.87771,47.16677,48.28307,47.47137,44.55852,49.34232062500002,7551.90460125
2022-10-17 16:00:00,509.2954,,29.38035,28.34745,29.817617500000004,29.11094,29.04077,28.97725,29.18875,29.26169,29.69513,29.817617500000004,29.49802,30.10165,29.3049,28.82615,30.28277,27.13369,24.48413,30.29954,29.83591,28.21354,29.99873,31.13577,29.69429,31.16462,30.58056,31.21552,30.30117,30.42583,29.25725,28.62348,29.71487,28.13531,29.99392,28.29317,25.94583,27.075,,26.83392,22.19312,28.45431,21.88706,27.52737,27.037,28.92148,25.29664,22.82477,27.96752,24.57477,22.20894,25.59544,27.76084,23.64263,23.7834,25.69492,27.03294,22.55013,24.20119,22.22161,27.73606,27.35391,24.51521,28.5114,22.80663,29.13577,24.2505,,23.47094,29.21254,29.96679,24.12992,26.28623,25.92962,29.95477,28.76552,28.16577,27.59029,28.50033,27.57894,29.15669,28.84273,29.14998,28.04448,29.41038,28.56919,29.26471,28.39985,,28.39938,27.63288,,28.12367,28.22573,28.4261,28.52636,28.47111,28.50498,28.40396,28.13057,28.21664,27.83469,28.34261,28.44267,28.69917,25.99806,28.97058,27.95169,28.62156,26.0815,28.62663,25.92377,29.1046,28.61686,28.61152,26.16604,23.91096,25.65727,28.98177,28.36433,25.61021,25.86214,25.74802,27.7711,29.01277,27.71814,18.80081,27.61181,26.1676,28.98359,29.20317,27.83342,27.8879,29.02271,28.71094,28.23202,27.97811,26.19821,29.53825,29.0701,29.29475,29.11946,25.99402,29.16498,29.13775,28.56246,28.79771,26.87012,26.14398,28.83064,23.43121,28.90204,29.56281,29.13181,26.35621,27.14335,27.38061,28.67175,28.81381,29.25937,28.15524,28.297,29.07121,27.92081,28.50927,28.42506,25.82235,29.817617500000004,4464.780795
2022-10-17 17:00:00,209.1841,,12.79946,12.46317,13.291114374999998,12.68181,12.71131,12.72617,12.79346,13.05021,12.77354,13.291114374999998,12.86235,13.71138,12.95308,13.4501,13.51523,11.88613,11.01673,13.17902,14.12187,12.33594,14.31667,14.38535,13.19817,14.51725,13.48752,14.66906,13.93171,13.32448,13.73548,12.94335,13.21119,12.36779,13.1551,12.53427,11.53858,11.66577,,11.39983,9.905147,12.4159,9.834271,12.04077,11.61692,12.62044,12.27771,11.14679,11.98127,11.46796,10.74331,12.14465,11.54717,11.10408,10.071,12.15446,11.8301,10.66779,12.73548,10.53981,12.5296,12.21356,10.53935,12.29952,10.98006,12.60081,10.9655,,11.52894,12.95767,12.95827,10.79569,12.75342,11.36685,13.08606,12.47704,12.04356,12.23208,12.16406,12.24156,12.19265,12.45077,12.6164,12.58046,12.34165,12.19265,12.39239,12.19217,,12.23714,12.15598,,11.85804,12.10865,12.09639,12.38946,12.01994,12.26002,12.10075,12.03213,11.97333,11.884,12.09908,12.2831,12.29846,12.25323,12.51173,12.2256,12.06904,12.43006,12.06248,12.19788,12.17437,12.35496,12.0216,12.30083,11.25675,12.07402,12.01336,12.17863,12.08214,12.1381,12.22738,12.16819,12.1501,11.70223,9.432166,11.98246,12.37004,12.33733,12.19754,12.48285,12.36183,12.35567,11.95661,11.92458,12.51302,12.36481,12.54952,12.2156,12.46446,12.25323,12.316,12.52827,12.35008,12.05135,12.17971,11.48019,12.17952,12.18844,9.927687,12.10673,12.57204,12.5534,12.44798,11.57535,11.69042,12.38096,12.36879,12.42809,12.24969,11.93792,12.19973,12.17875,12.49258,12.16602,11.41175,13.291114374999998,1970.6448397500003
2022-10-17 18:00:00,0.1987579,,0.1649722,0.1616667,0.0,0.1691944,0.1952778,0.2655,0.1860555,0.1855833,0.1850556,0.0,0.1285833,0.2364722,0.2673889,0.1764722,0.1639722,0.1439445,0.1830833,0.23025,0.1805833,0.1854722,0.2169167,0.1748056,0.1699167,0.2395,0.1989722,0.3338333,0.2448889,0.1862222,0.1627222,0.1496389,0.2048055,0.1674167,0.1979444,0.2175,0.1594722,0.1855833,,0.1607778,0.1166667,0.1417222,0.1126944,0.1840278,0.2735833,0.1623333,0.1820278,0.2342778,0.1363333,0.2834722,0.1225,0.2973668,0.1968611,0.1254167,0.2633208,0.2245556,0.1447778,0.1294722,0.3065278,0.1749167,0.1855278,0.1853611,0.1096389,0.2861257,0.2204167,0.2320556,0.1292222,,0.2396944,0.1825,0.1629722,0.1361944,0.1879444,0.1306667,0.1440556,0.2436389,0.1989722,0.1651389,0.1381667,0.1265833,0.1376667,0.1769167,0.2832778,0.3061111,0.1349444,0.1668056,0.1716945,0.1506944,,0.1688611,0.1233056,,0.1315,0.1549722,0.1437778,0.2543056,0.1030556,0.1415556,0.1691111,0.1234445,0.13775,0.134,0.1695555,0.1890556,0.1794722,0.1380833,0.1832222,0.1533056,0.1519722,0.1864167,0.1487778,0.1204167,0.22175,0.1493889,0.1438056,0.16725,0.1723889,0.1559444,0.1205833,0.1333611,0.1671945,0.1487778,0.16425,0.1581944,0.1186667,0.151,0.2569167,0.1540278,0.1438611,0.1367778,0.09752778,0.1956389,0.2870834,0.1281111,0.103,0.1872222,0.2011389,0.1438611,0.16525,0.1465833,0.1591944,0.1590833,0.1584444,0.2100278,0.1595,0.1512222,0.1614445,0.1470278,0.1334167,0.1451944,0.2587913,0.2253056,0.1538889,0.1891667,0.1634444,0.1721944,0.2520555,0.2187222,0.1635833,0.1540833,0.1408611,0.13125,0.1259722,0.9826106,0.2656111,0.1618611,0.1757222,,28.971437379999998
2022-10-17 19:00:00,0.0,,,,,,,,,,,,,,,,,,,,,,,,,,,,,,,,,,,,,,,,,,,,,,,,,,,,,,,,,,,,,,,,,,,,,,,,,,,,,,,,,,,,,,,,,,,,,,,,,,,,,,,,,,,,,,,,,,,,,,,,,,,,,,,,,,,,,,,,,,,,,,,,,,,,,,,,,,,,,,,,,,,,,,,,0.0
2022-10-17 20:00:00,0.0,,,,,,,,,,,,,,,,,,,,,,,,,,,,,,,,,,,,,,,,,,,,,,,,,,,,,,,,,,,,,,,,,,,,,,,,,,,,,,,,,,,,,,,,,,,,,,,,,,,,,,,,,,,,,,,,,,,,,,,,,,,,,,,,,,,,,,,,,,,,,,,,,,,,,,,,,,,,,,,,,,,,,,,,0.0
2022-10-17 21:00:00,0.0,,,,,,,,,,,,,,,,,,,,,,,,,,,,,,,,,,,,,,,,,,,,,,,,,,,,,,,,,,,,,,,,,,,,,,,,,,,,,,,,,,,,,,,,,,,,,,,,,,,,,,,,,,,,,,,,,,,,,,,,,,,,,,,,,,,,,,,,,,,,,,,,,,,,,,,,,,,,,,,,,,,,,,,,0.0
2022-10-17 22:00:00,0.0,,,,,,,,,,,,,,,,,,,,,,,,,,,,,,,,,,,,,,,,,,,,,,,,,,,,,,,,,,,,,,,,,,,,,,,,,,,,,,,,,,,,,,,,,,,,,,,,,,,,,,,,,,,,,,,,,,,,,,,,,,,,,,,,,,,,,,,,,,,,,,,,,,,,,,,,,,,,,,,,,,,,,,,,0.0
2022-10-17 23:00:00,0.0,,,,,,,,,,,,,,,,,,,,,,,,,,,,,,,,,,,,,,,,,,,,,,,,,,,,,,,,,,,,,,,,,,,,,,,,,,,,,,,,,,,,,,,,,,,,,,,,,,,,,,,,,,,,,,,,,,,,,,,,,,,,,,,,,,,,,,,,,,,,,,,,,,,,,,,,,,,,,,,,,,,,,,,,0.0
2022-10-18 00:00:00,0.0,,,,,,,,,,,,,,,,,,,,,,,,,,,,,,,,,,,,,,,,,,,,,,,,,,,,,,,,,,,,,,,,,,,,,,,,,,,,,,,,,,,,,,,,,,,,,,,,,,,,,,,,,,,,,,,,,,,,,,,,,,,,,,,,,,,,,,,,,,,,,,,,,,,,,,,,,,,,,,,,,,,,,,,,0.0
2022-10-18 01:00:00,0.0,,,,,,,,,,,,,,,,,,,,,,,,,,,,,,,,,,,,,,,,,,,,,,,,,,,,,,,,,,,,,,,,,,,,,,,,,,,,,,,,,,,,,,,,,,,,,,,,,,,,,,,,,,,,,,,,,,,,,,,,,,,,,,,,,,,,,,,,,,,,,,,,,,,,,,,,,,,,,,,,,,,,,,,,0.0
2022-10-18 02:00:00,0.0,,,,,,,,,,,,,,,,,,,,,,,,,,,,,,,,,,,,,,,,,,,,,,,,,,,,,,,,,,,,,,,,,,,,,,,,,,,,,,,,,,,,,,,,,,,,,,,,,,,,,,,,,,,,,,,,,,,,,,,,,,,,,,,,,,,,,,,,,,,,,,,,,,,,,,,,,,,,,,,,,,,,,,,,0.0
2022-10-18 03:00:00,0.0,,,,,,,,,,,,,,,,,,,,,,,,,,,,,,,,,,,,,,,,,,,,,,,,,,,,,,,,,,,,,,,,,,,,,,,,,,,,,,,,,,,,,,,,,,,,,,,,,,,,,,,,,,,,,,,,,,,,,,,,,,,,,,,,,,,,,,,,,,,,,,,,,,,,,,,,,,,,,,,,,,,,,,,,0.0
2022-10-18 04:00:00,0.0,,,,,,,,,,,,,,,,,,,,,,,,,,,,,,,,,,,,,,,,,,,,,,,,,,,,,,,,,,,,,,,,,,,,,,,,,,,,,,,,,,,,,,,,,,,,,,,,,,,,,,,,,,,,,,,,,,,,,,,,,,,,,,,,,,,,,,,,,,,,,,,,,,,,,,,,,,,,,,,,,,,,,,,,0.0
2022-10-18 05:00:00,0.0,,,,,,,,,,,,,,,,,,,,,,,,,,,,,,,,,,,,,,,,,,,,,,,,,,,,,,,,,,,,,,,,,,,,,,,,,,,,,,,,,,,,,,,,,,,,,,,,,,,,,,,,,,,,,,,,,,,,,,,,,,,,,,,,,,,,,,,,,,,,,,,,,,,,,,,,,,,,,,,,,,,,,,,,0.0
2022-10-18 06:00:00,0.0,,,,,,,,,,,,,,,,,,,,,,,,,,,,,,,,,,,,,,,,,,,,,,,,,,,,,,,,,,,,,,,,,,,,,,,,,,,,,,,,,,,,,,,,,,,,,,,,,,,,,,,,,,,,,,,,,,,,,,,,,,,,,,,,,,,,,,,,,,,,,,,,,,,,,,,,,,,,,,,,,,,,,,,,0.0
2022-10-18 07:00:00,10.28824,,0.565,0.7038543,0.0,0.3709583,0.5380208,0.7532501,0.4255625,0.4824792,0.6712709,0.0,0.5462708,0.4229791,0.7766458,0.3989582,0.5210001,0.5525001,0.4483542,0.5324167,0.2627917,0.4218957,0.4967293,0.4388334,0.4804584,0.4558542,0.5029582,0.5311458,0.4688125,0.4795417,0.4006666,0.3581459,0.4792709,0.3672501,0.4523751,0.355375,0.3124792,0.4353541,,0.3699793,0.2952292,0.3514999,0.3147292,0.4786666,0.6538751,0.3503125,0.337,0.6796251,0.2644583,0.6695417,0.345,0.6678333,0.4336251,0.2602083,0.6995416,0.5649375,0.3112292,0.3912709,0.4545834,0.2559167,0.5095417,0.5079167,0.4795834,0.7579373,0.3860625,0.4256667,0.3885626,,0.5175624,0.4484999,0.4563332,0.3484166,0.5011042,0.3803959,0.4644374,0.8095416,0.6524168,0.4854584,0.5655625,0.5968126,0.6180207,0.5929167,0.8627917,0.8684791,0.5997707,0.6371667,0.6426876,0.5318334,,0.4923126,0.735375,,0.6039792,0.4983958,0.5696667,0.6601459,0.6773958,0.3171042,0.4240416,0.5994792,0.5668959,0.6268542,0.6418958,0.6618124,0.7060416,0.5352291,0.6344582,0.6417708,0.5886251,0.5586249,0.6069374,0.2704167,0.6887916,0.3627499,0.5472082,0.4687501,0.4865833,0.7169374,0.5685208,0.4701458,0.6661457,0.5292499,0.6395624,0.4837709,0.3924792,0.5270625,0.6151041,0.5398333,0.4417917,0.6478751,0.3833124,0.5962918,0.8562918,0.5562916,0.6710208,0.6580207,0.5709168,0.6137499,0.6100209,0.3535626,0.4970417,0.4960417,0.4490834,0.5073126,0.5136251,0.3095001,0.6681668,0.4632918,0.3912291,0.5446251,0.7257293,0.5508334,0.6164791,0.5697916,0.7783958,0.6698332,0.7851251,0.7260625,0.598875,0.6620834,0.4566667,0.5241458,0.6241459,30.81897,0.5821666,0.6075834,0.3864791,,114.3967834
2022-10-18 08:00:00,182.8042,,11.50121,12.93152,17.315785937500003,14.98569,15.59779,15.46473,15.55794,14.44248,16.36448,17.315785937500003,16.12829,11.96683,15.99073,10.58429,9.625605,14.68238,10.02054,15.85567,8.810416,13.75756,8.529624,8.017373,14.9271,7.418959,14.46646,6.325832,5.519272,14.46946,5.612083,5.371833,13.68896,5.69223,13.09029,5.687396,10.8075,6.011708,,7.686021,9.880646,8.7565,9.787479,9.052646,9.236896,14.07054,7.758938,12.93117,6.374021,5.999708,10.95221,6.293688,7.090001,8.495917,11.52627,11.03938,10.38754,13.64273,10.40125,13.56404,10.11529,10.53388,15.57765,11.89627,12.90609,13.77773,12.64833,,13.85042,15.21004,15.62763,11.54494,15.22981,12.76804,15.2531,17.5466,17.35437,17.13554,17.26292,16.85242,17.47769,17.1749,17.93223,17.60292,17.39885,16.75656,17.31233,16.9596,,16.64373,17.48548,,17.07381,16.52477,17.06898,16.94387,17.51467,16.23435,16.91312,16.56137,17.06604,16.1281,17.27183,16.78462,17.57836,16.85938,17.10458,17.29842,16.99248,16.18773,17.17381,15.85715,17.23317,15.92521,17.05473,16.04811,15.84054,16.4355,17.10848,16.32167,17.26752,16.50846,17.09621,16.06902,16.52817,15.51087,13.38829,15.66508,16.8299,16.54652,16.46511,15.7634,17.43021,16.26308,17.03177,15.85081,16.48215,17.1625,17.26437,15.83541,16.95275,16.22627,16.67579,16.28929,16.95767,15.36544,16.98717,15.11394,16.51558,16.40398,17.2764,16.00708,17.71436,16.47723,17.55827,15.60004,16.43369,16.77962,17.09546,16.72217,16.75631,15.79471,17.06387,16.20998,16.90694,16.44017,15.00335,17.315785937500003,2316.689983875
2022-10-18 09:00:00,486.4381,,36.35815,36.6,37.397416875000005,36.50177,36.39252,36.29425,36.32446,35.50098,37.06667,37.397416875000005,37.02292,34.11454,36.53366,30.56652,29.319,33.82117,29.16923,36.61529,30.15269,33.23912,30.29352,27.86008,35.91336,25.34531,35.68754,26.92667,27.03844,35.95781,25.29206,23.51907,35.93398,23.26094,35.20523,22.95519,30.61202,24.10737,,26.1759,27.38087,31.34038,26.31033,29.21519,26.71598,35.22813,25.43385,30.34654,24.46309,25.95777,29.80773,25.3481,27.37921,30.72125,29.49734,31.20504,28.95254,31.74714,28.81111,31.18679,30.0139,29.84056,31.13904,35.34844,31.20075,36.098,30.90456,,31.18656,36.88779,36.7469,27.29087,35.64967,29.78214,35.52704,37.56275,37.53061,37.14979,37.34969,37.12767,37.64371,37.49423,38.07844,37.88221,37.68119,36.74846,37.45171,37.01344,,36.85936,37.41648,,36.7391,36.59454,36.95683,37.05758,37.47144,36.60952,37.00331,36.41598,36.91954,36.24377,37.07261,36.86248,37.486,37.08406,37.56794,37.49186,36.98417,36.57608,37.18814,36.36577,37.17936,36.53754,37.13063,36.74917,34.47904,36.375,37.13454,36.65719,37.08783,36.69542,37.08173,36.31057,36.67821,35.4831,31.32754,35.642,37.16446,36.83715,37.1305,36.61081,37.39802,36.5909,36.89467,35.70921,36.90756,37.1421,37.59837,36.23879,37.09342,36.47692,36.66646,36.663,37.18852,36.14257,36.83931,34.04911,36.68029,36.71862,37.23719,36.21083,38.01234,37.04842,37.45515,34.48473,34.94144,37.0801,37.142,37.13688,36.78023,36.23257,36.77908,36.26812,36.87279,36.53852,33.92963,37.397416875000005,5528.25697375
2022-10-18 10:00:00,720.8696,,52.89179,52.13025,52.55889937499999,52.20152,51.96552,51.60727,52.00917,51.04348,52.5785,52.55889937499999,52.70648,50.93312,51.94619,50.05246,47.68375,48.29155,42.14208,52.46379,50.46835,48.08042,49.91913,44.96563,51.63837,44.67079,51.61302,48.49027,46.73592,51.80625,45.52813,42.67698,51.75475,40.84879,50.9005,42.68035,44.38364,42.14513,,44.10386,39.73373,48.41275,38.77608,47.73646,44.53973,51.00369,45.10286,43.65971,46.89485,43.396,43.08102,43.31294,45.70571,47.41602,42.61887,49.99823,45.30808,44.96275,38.62673,44.60244,45.24473,47.98869,44.08365,50.63577,44.29134,51.36367,43.96494,,44.52504,52.60092,52.38104,39.58712,50.84456,42.8091,51.65021,52.55555,52.46748,52.12656,52.34231,52.19504,52.7496,52.66646,53.29808,53.108,53.03296,52.0855,52.63704,51.98171,,51.81338,52.39998,,51.47444,51.48204,51.84746,52.01319,52.32719,51.67911,51.92235,51.2276,51.74977,51.06648,51.84308,51.74781,52.41581,52.10511,52.82061,52.56533,51.92361,51.68825,52.08523,51.57784,52.09104,51.679,52.12812,51.87515,48.37148,51.03704,52.09488,51.61794,51.85481,51.63342,51.99234,51.35835,51.72586,50.50898,52.38442,50.68338,52.21902,51.95354,52.20096,51.74884,51.97079,51.69992,51.70506,50.71998,52.10357,52.17263,52.84935,51.52961,52.26856,51.53127,51.58237,51.86971,52.24606,51.27039,51.71121,48.10941,51.76704,51.79862,45.15554,51.10388,53.18827,52.16544,52.33421,48.47906,48.81369,52.31452,52.31116,52.35781,51.92648,51.38346,51.71046,51.06581,51.95952,51.53698,48.16959,52.55889937499999,8019.09638875
2022-10-18 11:00:00,871.0254,,60.65902,59.93456,60.061853125000006,60.05175,59.88452,59.21452,59.95121,53.35719,60.28204,60.061853125000006,60.34311,59.4259,59.46418,59.14904,58.65781,55.89202,47.19904,60.45652,59.65511,56.04033,59.68412,59.44448,59.69592,59.06573,59.80969,50.75427,58.03646,59.94714,58.1416,55.89075,59.98441,54.39575,59.09856,55.86567,51.90327,54.7805,,54.35862,46.40715,57.46875,45.58469,56.39129,54.81394,59.25711,58.03416,50.88062,57.65802,56.80277,50.2206,55.98085,56.55592,55.59404,49.99689,58.4025,58.09508,51.96838,40.39902,51.54677,57.14279,58.20221,50.91033,58.1139,50.65594,49.32673,50.92208,,51.79898,60.48173,60.20688,46.37581,58.80035,49.96492,59.58925,59.45346,59.81416,59.3867,59.5654,59.74271,59.96743,60.14575,60.51905,59.84573,60.25869,59.61202,59.8825,59.46323,,59.03412,59.635,,58.8265,59.12888,59.23294,59.62246,58.91035,59.39402,59.31541,58.84077,59.07167,58.76223,59.0821,59.35211,59.70071,59.66073,60.31984,59.89146,59.3585,59.58731,59.46048,59.41865,59.4954,59.45381,59.55767,59.66583,55.36854,58.68737,59.38635,59.25971,58.79277,59.28448,59.45275,59.1175,59.33765,58.43294,47.69556,58.78598,59.73812,59.63858,59.63352,59.5225,59.03215,59.40479,59.06104,58.46992,59.83036,59.70181,60.26798,59.39417,59.82171,59.27894,59.23831,59.67635,59.80537,59.00496,58.92323,55.51115,59.39946,59.45037,46.74598,58.60602,60.44417,59.76152,59.78121,55.70496,56.08571,59.61164,59.94112,59.94596,59.66962,59.16713,59.30054,58.79704,59.66877,59.22285,55.67089,60.061853125000006,9282.116266250003
2022-10-18 12:00:00,973.5886,,61.32198,61.09425,61.471510625,61.89179,61.28206,60.15156,61.16014,61.24156,61.072,61.471510625,60.88071,61.4786,60.09046,61.31961,61.10469,59.24704,50.67358,61.43684,61.34473,59.57546,61.26435,61.35631,61.08404,61.323,61.31448,61.50914,61.43158,61.28119,61.26379,60.83316,61.97325,59.61602,61.22198,61.06107,55.61058,60.47063,,59.68473,50.10571,61.31786,49.52927,60.97483,59.40638,61.28265,61.5409,54.53954,61.80573,60.13244,54.36132,60.13819,61.32281,59.97121,53.70552,61.45758,61.40033,55.38329,45.81692,55.07975,61.3939,61.20139,54.18871,60.01891,45.54913,36.38021,54.68583,,55.58913,61.4612,61.27802,50.09215,61.4959,54.04452,61.18608,60.16267,61.36492,61.14825,60.97221,60.98287,61.02369,61.08923,61.48065,60.07002,61.04285,61.14256,61.10994,61.13583,,60.14188,61.00931,,60.96535,61.01292,61.03846,61.26829,59.18221,61.17044,61.57231,60.84013,61.11811,60.87642,61.17987,61.20783,61.53289,61.0801,61.18285,61.07814,61.14354,61.60117,61.12381,61.29075,61.20125,61.13254,61.22021,61.43235,58.71708,60.99387,60.8409,61.0315,59.36665,61.25581,61.1405,61.22679,61.27465,61.11173,45.60029,61.16273,61.3424,61.21415,60.97691,61.33236,60.16135,61.07548,60.72902,60.13913,61.218,61.04504,61.12771,61.33165,61.05329,61.16206,61.3654,61.63346,61.29996,61.12682,60.01921,59.17756,61.32606,61.23158,50.32487,60.20123,60.99115,61.22213,60.93121,58.78442,59.3419,60.10088,61.09777,60.8995,61.30279,61.04902,60.97446,61.09279,61.50754,61.25227,59.40267,61.471510625,9625.063211249999
2022-10-18 13:00:00,967.2291,,61.35429,61.0955,61.560902187500005,61.79577,61.30986,60.15179,61.19902,56.58471,61.07923,61.560902187500005,60.89096,61.51881,60.08985,61.34863,61.1205,58.605,50.43504,61.47448,61.38679,58.9985,61.2895,61.37944,61.12709,61.34767,61.34763,45.0201,61.4801,61.31454,61.30117,60.64792,61.97829,59.65856,61.24413,60.86639,55.10214,60.06538,,58.98341,49.3941,61.199,49.07517,60.47779,59.01404,61.31671,61.35394,53.90229,61.25798,59.80429,53.85033,60.119,60.6445,59.57083,52.88579,61.33408,61.16404,54.63737,45.42854,54.28798,61.2735,61.036,53.4979,59.98529,45.01221,31.22592,54.10244,,55.07742,61.49302,61.31017,49.84715,61.49631,53.55698,61.225,60.1655,61.34783,60.64027,60.24333,61.01267,61.03983,61.12179,61.19171,60.0825,61.06977,61.15414,61.14002,61.13667,,60.14079,60.25048,,60.18479,60.44477,60.25377,60.74269,58.69421,61.16525,66.38155,60.75252,60.5335,60.76017,60.70529,61.1499,61.49419,61.08698,60.68554,61.09471,60.61475,60.83769,61.10444,61.26998,60.66956,60.63531,61.22021,60.93621,57.75858,60.74227,60.84123,61.01279,59.37879,60.56123,61.14695,61.08967,60.60267,60.85585,44.59044,60.52414,61.35802,60.67033,60.42854,61.01986,60.15973,61.07069,60.70565,60.05973,61.24139,61.07362,61.16827,61.31298,60.56531,61.11215,61.33102,61.09114,61.31498,61.04575,60.01852,58.28531,61.34164,60.69202,49.5109,60.13804,61.01354,61.22287,60.94483,57.83464,58.52706,60.11602,61.11644,60.91063,61.32706,61.0339,60.97767,60.97366,61.5349,61.14733,58.48746,61.560902187500005,9566.714564375001
2022-10-18 14:00:00,860.692,,58.51315,57.15815,58.04500218750001,57.34894,57.39267,56.89394,57.53362,57.11039,57.72583,58.04500218750001,58.10523,57.90702,57.25433,57.72406,57.27683,53.52323,46.30067,58.5391,59.08073,54.15735,59.36562,59.30708,58.03439,59.02679,58.23833,13.88229,57.85452,58.36577,57.61646,55.22442,58.01579,53.98959,57.26452,55.42231,50.34181,54.10804,,52.75379,44.83579,55.99385,44.16996,54.6534,52.89023,57.24915,55.73694,48.87231,55.33248,54.32577,48.69609,55.79308,54.48034,53.39262,47.56423,56.10185,55.48771,49.48179,41.28169,48.8649,56.13552,55.76867,48.6155,55.44467,40.93293,43.19879,49.06327,,50.24746,58.64604,58.46817,45.74612,56.83427,48.77161,58.21502,57.07035,56.65452,56.66363,56.82529,56.93452,57.33744,57.46931,58.03471,57.75296,57.84944,56.83242,57.39037,56.60144,,56.43081,57.10467,,55.97971,56.07848,56.50217,56.64333,56.64436,56.47894,56.42484,55.78796,56.17623,55.67838,56.2064,56.2765,56.79781,56.71666,57.58009,57.24435,56.61473,56.65985,56.58512,56.53398,56.68,56.59458,56.75138,56.75498,52.527,55.50327,56.58598,56.2755,56.38098,56.12044,56.70513,56.05265,56.65773,55.46465,40.83373,56.0379,57.04225,56.87777,57.02369,56.77288,56.44569,56.58242,56.32546,55.47602,57.06942,57.14946,57.77152,56.56569,57.30294,56.30519,56.53167,56.88596,57.12823,56.16998,56.30604,52.73506,56.72898,56.47333,45.01079,55.50381,57.92696,56.88646,56.83929,52.58448,53.22385,57.03235,57.28877,57.11459,56.97875,56.36469,56.61689,55.9039,57.01244,56.17054,52.79012,58.04500218750001,8869.144984375
2022-10-18 15:00:00,735.5265,,49.40956,48.41142,49.36497468750001,48.66942,48.58133,48.2939,48.74236,47.03091,48.87531,49.36497468750001,49.29329,49.48952,48.70742,49.22604,48.96269,45.37275,39.56521,49.72912,50.60069,46.04854,50.85429,50.92642,49.41098,50.76412,49.75462,21.12292,49.61169,49.75946,49.40692,47.07533,49.47615,45.91406,48.84515,46.96198,42.90133,45.99364,,44.95781,38.08187,47.41314,37.55241,46.16515,44.52685,48.59506,47.15554,41.47431,46.9195,45.86102,41.14958,47.30793,46.01406,44.72979,40.10257,47.38361,47.00958,41.76737,35.00531,41.35623,47.73233,47.17929,41.16285,47.10279,34.69061,23.57394,41.65992,,42.75158,49.75775,49.60633,39.13833,48.26792,41.66438,49.44258,48.22629,47.70248,47.85973,47.91754,48.0975,48.31779,48.55727,49.00119,48.83086,48.78217,48.05169,48.4246,47.80819,,47.81254,48.06323,,47.30004,47.39035,47.77192,47.92136,47.87082,47.80708,47.67067,47.18825,47.42206,46.9926,47.46881,47.61756,47.94269,47.97887,48.69606,48.50875,47.97783,48.05521,47.9301,47.87921,48.03635,47.98844,48.06827,48.07327,44.49313,47.03158,47.84265,47.62517,47.70866,47.52539,47.99736,47.46434,47.97564,46.86471,34.62708,47.2055,48.36375,48.16331,48.31504,48.13738,47.98164,48.05877,47.68958,46.92479,48.38179,48.3176,48.90756,47.7455,48.53556,47.657,47.89233,48.21231,48.334,47.50782,47.69277,44.62427,48.01604,47.70725,38.19031,47.24665,48.96308,48.07185,48.1964,44.58364,45.03529,48.22639,48.44762,48.29773,48.14514,47.53679,47.86671,47.184,48.22252,47.49733,44.5611,49.36497468750001,7511.587239375
2022-10-18 16:00:00,520.0411,,34.42969,33.58411,34.551016875,33.92196,33.82748,33.69302,33.97996,33.78304,34.02881,34.551016875,34.34496,35.0096,34.04448,34.72819,34.68429,31.58621,28.04612,34.69871,35.94267,32.28688,36.21779,36.33686,34.56898,36.29636,34.94269,25.64115,35.20316,34.77967,35.02665,33.15977,34.50704,32.04735,34.2229,32.72948,30.01379,31.47786,,30.49515,26.38411,32.85836,26.04658,31.88936,30.72754,33.50894,32.55767,28.94817,32.28085,31.2801,28.5071,32.43929,31.54246,30.31773,27.4404,32.52954,32.25575,28.73802,24.24769,28.39077,33.18646,32.72087,28.41102,32.66904,24.13048,23.76085,28.93679,,29.85702,34.47979,34.44954,27.61234,33.61808,29.27994,34.48969,33.43331,32.78954,33.11444,33.06736,33.15258,33.27148,33.50314,33.87298,33.63187,33.58625,33.18096,33.45481,32.94744,,32.98663,33.11298,,32.61896,32.65104,32.98894,33.11106,33.01675,33.02127,32.91787,32.50671,32.7155,32.32773,32.80692,32.90671,33.20888,33.10406,33.59573,33.53179,33.136,33.23735,33.09565,33.04077,33.20329,33.18923,33.16331,33.22615,30.76177,32.50235,33.00017,32.87519,32.97475,32.76327,33.17839,32.86935,33.13669,32.17081,23.99281,32.54279,33.47234,33.3055,33.3714,33.36013,33.32494,33.28637,32.92346,32.35846,33.46052,33.45483,33.86219,32.97311,33.5905,33.03637,33.21681,33.49483,33.42458,32.83029,32.99483,30.91367,33.17923,32.97208,26.53794,32.74567,34.00944,33.51812,33.41054,30.89342,31.26435,33.3766,33.49717,33.5035,33.28229,32.84235,33.10973,32.77719,33.42918,32.87533,30.81802,34.551016875,5228.77426375
2022-10-18 17:00:00,223.317,,13.39527,12.87289,13.8205409375,13.23363,13.25379,13.19206,13.34592,13.62548,13.33154,13.8205409375,13.45025,14.37296,13.50771,14.12248,14.18621,12.41019,11.56396,13.76996,14.85183,12.9136,15.06194,15.19142,13.79019,15.29508,14.06598,10.83373,14.63442,13.91692,14.40063,13.52131,13.76998,12.90994,13.71204,13.08042,12.02831,12.08416,,11.83256,10.27742,12.929,10.22398,12.50419,12.03906,13.03652,12.67515,11.52027,12.37771,11.75079,11.12208,12.40227,11.80123,11.4061,10.3495,12.53563,12.08906,11.01571,9.437667,10.83992,13.01306,12.68983,10.9011,12.74638,11.31904,12.43267,11.36779,,12.02033,13.52381,13.53379,11.28779,13.34679,11.84514,13.7061,12.68244,12.38623,12.38985,12.28219,12.54594,12.32846,12.7976,12.75421,12.86427,12.4995,12.41927,12.60546,12.48771,,12.53556,12.38194,,11.86708,12.309,12.08675,12.64929,12.06437,12.50669,12.17815,12.24142,12.02106,12.05781,12.14127,12.54238,12.43967,12.51446,12.7755,12.27225,12.04756,12.74002,12.01671,12.46292,12.13558,12.57965,12.02131,12.49446,11.21467,12.28379,11.97529,12.37944,12.11594,12.31665,12.35069,12.52287,12.26264,11.97175,9.764562,12.23998,12.49473,12.66946,12.28573,12.83623,12.46358,12.61656,11.99594,12.21215,12.85179,12.7019,12.84912,12.691,12.7265,12.72323,12.61767,12.85646,12.617,12.4429,12.41519,11.92817,12.34223,12.60554,9.987603,12.47886,12.87087,13.03088,12.7339,11.97236,12.00408,12.83885,12.6691,12.94596,12.57817,12.28106,12.55046,12.64671,12.82559,12.65692,11.83636,13.8205409375,2018.611793875
2022-10-18 18:00:00,3.968935,,0.4162501,0.3794445,0.0,0.4025834,0.4271389,0.4918333,0.4501389,0.4894443,0.4126946,0.0,0.3580556,0.6090832,0.5151666,0.529139,0.5167777,0.3694722,0.4761666,0.4911389,0.563889,0.4508332,0.6076666,0.5817223,0.4193332,0.6473889,0.4665279,0.4876944,0.6500556,0.4189446,0.5400834,0.48625,0.4165556,0.4837499,0.4088888,0.5456111,0.3484167,0.4855833,,0.4312779,0.2520556,0.4067778,0.2439722,0.4332223,0.5019722,0.2913333,0.3860834,0.3739167,0.3076389,0.4524444,0.2433056,0.4650279,0.3596944,0.2685278,0.3697578,0.3961111,0.3018333,0.2505,0.2937778,0.2991667,0.3754722,0.3675278,0.2355555,0.4202432,0.3504722,0.4249444,0.2681389,,0.4121111,0.4116389,0.4014446,0.2993889,0.4548611,0.289,0.41375,0.3866667,0.3605833,0.2999167,0.2562222,0.25575,0.2633056,0.3143611,0.463821,0.4494167,0.2669167,0.3028889,0.3213611,0.2729444,,0.3073056,0.254,,0.2629167,0.2804167,0.2847778,0.4046944,0.2311111,0.2769166,0.3128889,0.2480833,0.2642778,0.2709722,0.3066111,0.3319444,0.3321667,0.2673056,0.3215834,0.3073889,0.2893889,0.3374444,0.2811945,0.2402778,0.3668889,0.2718056,0.291,0.3188889,0.3053889,0.2935556,0.2398611,0.2549166,0.31175,0.2773611,0.30475,0.3091111,0.2451667,0.2949445,0.3974444,0.2851945,0.2826389,0.2773056,0.2185556,0.3588055,0.4340833,0.2595278,0.2296111,0.3339444,0.3529444,0.2768333,0.3030278,0.3155556,0.2928333,0.3313611,0.3006111,0.466389,0.3015,0.3043611,0.3106389,0.30925,0.2631111,0.3207778,0.3133333,0.3785278,0.3114722,0.3560556,0.3015278,0.3177222,0.3874167,0.37225,0.3031667,0.3366111,0.2836945,0.2883611,0.2598056,0.3472778,0.3979722,0.3282222,0.3479445,,56.6675453
2022-10-18 19:00:00,0.0,,,,,,,,,,,,,,,,,,,,,,,,,,,,,,,,,,,,,,,,,,,,,,,,,,,,,,,,,,,,,,,,,,,,,,,,,,,,,,,,,,,,,,,,,,,,,,,,,,,,,,,,,,,,,,,,,,,,,,,,,,,,,,,,,,,,,,,,,,,,,,,,,,,,,,,,,,,,,,,,,,,,,,,,0.0
2022-10-18 20:00:00,0.0,,,,,,,,,,,,,,,,,,,,,,,,,,,,,,,,,,,,,,,,,,,,,,,,,,,,,,,,,,,,,,,,,,,,,,,,,,,,,,,,,,,,,,,,,,,,,,,,,,,,,,,,,,,,,,,,,,,,,,,,,,,,,,,,,,,,,,,,,,,,,,,,,,,,,,,,,,,,,,,,,,,,,,,,0.0
2022-10-18 21:00:00,0.0,,,,,,,,,,,,,,,,,,,,,,,,,,,,,,,,,,,,,,,,,,,,,,,,,,,,,,,,,,,,,,,,,,,,,,,,,,,,,,,,,,,,,,,,,,,,,,,,,,,,,,,,,,,,,,,,,,,,,,,,,,,,,,,,,,,,,,,,,,,,,,,,,,,,,,,,,,,,,,,,,,,,,,,,0.0
2022-10-18 22:00:00,0.0,,,,,,,,,,,,,,,,,,,,,,,,,,,,,,,,,,,,,,,,,,,,,,,,,,,,,,,,,,,,,,,,,,,,,,,,,,,,,,,,,,,,,,,,,,,,,,,,,,,,,,,,,,,,,,,,,,,,,,,,,,,,,,,,,,,,,,,,,,,,,,,,,,,,,,,,,,,,,,,,,,,,,,,,0.0
2022-10-18 23:00:00,0.0,,,,,,,,,,,,,,,,,,,,,,,,,,,,,,,,,,,,,,,,,,,,,,,,,,,,,,,,,,,,,,,,,,,,,,,,,,,,,,,,,,,,,,,,,,,,,,,,,,,,,,,,,,,,,,,,,,,,,,,,,,,,,,,,,,,,,,,,,,,,,,,,,,,,,,,,,,,,,,,,,,,,,,,,0.0
2022-10-19 00:00:00,0.0,,,,,,,,,,,,,,,,,,,,,,,,,,,,,,,,,,,,,,,,,,,,,,,,,,,,,,,,,,,,,,,,,,,,,,,,,,,,,,,,,,,,,,,,,,,,,,,,,,,,,,,,,,,,,,,,,,,,,,,,,,,,,,,,,,,,,,,,,,,,,,,,,,,,,,,,,,,,,,,,,,,,,,,,0.0
2022-10-19 01:00:00,0.0,,,,,,,,,,,,,,,,,,,,,,,,,,,,,,,,,,,,,,,,,,,,,,,,,,,,,,,,,,,,,,,,,,,,,,,,,,,,,,,,,,,,,,,,,,,,,,,,,,,,,,,,,,,,,,,,,,,,,,,,,,,,,,,,,,,,,,,,,,,,,,,,,,,,,,,,,,,,,,,,,,,,,,,,0.0
2022-10-19 02:00:00,0.0,,,,,,,,,,,,,,,,,,,,,,,,,,,,,,,,,,,,,,,,,,,,,,,,,,,,,,,,,,,,,,,,,,,,,,,,,,,,,,,,,,,,,,,,,,,,,,,,,,,,,,,,,,,,,,,,,,,,,,,,,,,,,,,,,,,,,,,,,,,,,,,,,,,,,,,,,,,,,,,,,,,,,,,,0.0
2022-10-19 03:00:00,0.0,,,,,,,,,,,,,,,,,,,,,,,,,,,,,,,,,,,,,,,,,,,,,,,,,,,,,,,,,,,,,,,,,,,,,,,,,,,,,,,,,,,,,,,,,,,,,,,,,,,,,,,,,,,,,,,,,,,,,,,,,,,,,,,,,,,,,,,,,,,,,,,,,,,,,,,,,,,,,,,,,,,,,,,,0.0
2022-10-19 04:00:00,0.0,,,,,,,,,,,,,,,,,,,,,,,,,,,,,,,,,,,,,,,,,,,,,,,,,,,,,,,,,,,,,,,,,,,,,,,,,,,,,,,,,,,,,,,,,,,,,,,,,,,,,,,,,,,,,,,,,,,,,,,,,,,,,,,,,,,,,,,,,,,,,,,,,,,,,,,,,,,,,,,,,,,,,,,,0.0
2022-10-19 05:00:00,0.0,,,,,,,,,,,,,,,,,,,,,,,,,,,,,,,,,,,,,,,,,,,,,,,,,,,,,,,,,,,,,,,,,,,,,,,,,,,,,,,,,,,,,,,,,,,,,,,,,,,,,,,,,,,,,,,,,,,,,,,,,,,,,,,,,,,,,,,,,,,,,,,,,,,,,,,,,,,,,,,,,,,,,,,,0.0
2022-10-19 06:00:00,0.0,,,,,,,,,,,,,,,,,,,,,,,,,,,,,,,,,,,,,,,,,,,,,,,,,,,,,,,,,,,,,,,,,,,,,,,,,,,,,,,,,,,,,,,,,,,,,,,,,,,,,,,,,,,,,,,,,,,,,,,,,,,,,,,,,,,,,,,,,,,,,,,,,,,,,,,,,,,,,,,,,,,,,,,,0.0
2022-10-19 07:00:00,9.062726,,0.4643124,0.6107916,0.0,0.2755834,0.4439167,0.6354584,0.3246667,0.4002708,0.5789792,0.0,0.4415418,0.330375,0.6710833,0.312625,0.4386876,0.47575,0.3619167,0.4152084,0.18525,0.3311667,0.4093542,0.3449167,0.3853751,0.3691251,0.4038959,0.4235001,0.3658126,0.3896666,0.3069167,0.2794792,0.3826874,0.2800208,0.3697292,0.2675,0.2281458,0.3461667,,0.2837917,0.2418333,0.2554375,0.2465208,0.3738125,0.549875,0.274375,0.2509375,0.5801875,0.1830417,0.5658125,0.2765208,0.5608333,0.3299583,0.19,0.5996457,0.4603126,0.2373542,0.307875,0.3994376,0.178125,0.4086876,0.4216668,0.3681666,0.6436667,0.2896667,0.3181667,0.2995625,,0.4125208,0.3305833,0.3520625,0.2690833,0.3869583,0.2819167,0.3540626,0.6296458,0.5031043,0.3699583,0.442625,0.4813958,0.4871458,0.465,0.7034376,0.7283332,0.4405833,0.5129791,0.4834793,0.4022708,,0.3606668,0.5516666,,0.4862292,0.403875,0.4613126,0.5304792,0.5678542,0.227125,0.3089167,0.4867291,0.4417916,0.5184168,0.531,0.5531876,0.5821874,0.4181876,0.5130624,0.5066666,0.4793541,0.452125,0.4889583,0.1795833,0.5657709,0.275125,0.4356667,0.3707084,0.3957501,0.6031251,0.4613125,0.3649166,0.5383958,0.4272291,0.5205416,0.3818541,0.2928958,0.41725,0.4854376,0.4503333,0.3369583,0.5321458,0.2852917,0.4887918,0.7257917,0.4557292,0.5527916,0.5434167,0.4625626,0.4982916,0.4995,0.2647917,0.3938542,0.389125,0.329375,0.390625,0.4013541,0.2220833,0.5384584,0.367125,0.2858333,0.4233958,0.4888749,0.4491042,0.4781876,0.4617291,0.6538959,0.5638959,0.6638957,0.6111458,0.4739583,0.5513333,0.3414374,0.4201041,0.5032707,0.4853126,0.4816042,0.4775834,0.2851042,,67.19570949999999
2022-10-19 08:00:00,199.524,,3.905313,4.82917,12.207061874999997,8.300473,9.621681,10.19843,10.2084,7.669669,10.83632,12.207061874999997,10.42426,4.175244,9.757858,4.358117,4.316213,9.504565,3.96939,9.760789,3.263012,7.817123,3.556612,2.858846,8.148425,3.15882,7.561936,2.231587,1.957592,7.162005,1.802967,1.849363,5.909505,1.783616,2.897991,1.788612,3.34378,2.023375,,2.736506,2.685719,3.196182,3.50302,3.249837,3.959506,6.357632,2.792373,7.039943,2.466038,2.405968,3.097276,2.371942,2.194192,2.609614,5.136079,5.086387,5.199844,6.548925,5.524159,8.377381,4.929078,4.453051,10.16111,6.622855,7.261755,7.230679,6.080063,,8.911757,8.053905,8.690239,7.446521,8.967294,7.841763,10.23197,12.83249,12.29164,12.16959,12.39304,11.06312,12.59664,11.99681,12.66602,12.61874,12.47416,11.38143,12.46491,11.60042,,11.9365,12.28631,,12.07161,11.29727,12.04793,11.74607,12.10956,10.30076,11.37418,11.04092,12.08487,10.71804,12.38599,10.92184,12.67634,11.60481,11.89756,12.04308,11.81734,10.55081,11.98211,9.836472,12.04193,10.15163,11.7391,9.591831,10.92301,10.41106,10.61171,10.81195,11.70097,10.65994,11.84523,10.13958,11.19798,10.19338,9.360102,10.34309,11.4517,10.67949,10.71488,9.995722,11.95862,10.17942,11.23669,9.892843,10.49527,11.56396,11.53493,10.55229,11.67554,10.94652,11.51938,10.43171,11.15462,10.02899,11.4339,10.14107,11.26118,10.57688,11.94135,10.65299,12.77394,10.99642,12.6663,10.19055,11.4417,11.10917,11.57809,11.69529,11.56507,10.33332,11.94709,10.92987,12.12311,11.56971,9.657509,12.207061874999997,1426.38470475
2022-10-19 09:00:00,497.0581,,,,,,,,,,,,,,,,,,,,,,,,,,,,,,,,,,,,,,,,,,,,,,,,,,,,,,,,,,,,,,,,,,,,,,,,,,,,,,,,,,,,,,,,,,,,,,,,,,,,,,,,,,,,,,,,,,,,,,,,,,,,,,,,,,,,,,,,,,,,,,,,,,,,,,,,,,,,,,,,,,,,,,,,0.0
2022-10-19 10:00:00,729.7284,,,,,,,,,,,,,,,,,,,,,,,,,,,,,,,,,,,,,,,,,,,,,,,,,,,,,,,,,,,,,,,,,,,,,,,,,,,,,,,,,,,,,,,,,,,,,,,,,,,,,,,,,,,,,,,,,,,,,,,,,,,,,,,,,,,,,,,,,,,,,,,,,,,,,,,,,,,,,,,,,,,,,,,,0.0
2022-10-19 11:00:00,890.2885,,4.137084,4.138417,4.232711031249999,4.33025,4.191417,4.214334,4.101417,4.05925,4.483417,4.232711031249999,4.108667,4.120417,4.190417,4.106,4.109667,3.892833,4.169417,4.138167,4.135583,3.95625,4.14425,4.142416,4.10725,4.17325,4.13925,1.948583,4.141833,4.139833,4.151834,4.0075,4.18675,3.962583,4.1665,4.048083,3.80225,3.957,,3.9695,3.498917,4.105834,3.451083,4.04925,4.067833,4.17775,4.123167,3.855,4.415583,4.1825,3.7255,4.212167,4.063,3.958,3.78925,4.142416,4.130583,3.772167,3.883083,3.741417,4.088167,4.146,3.543167,4.081167,3.73825,4.116416,3.70325,,3.78025,4.104333,4.09125,3.455,4.151417,3.651083,4.063583,4.156167,4.123667,4.17825,4.079916,4.082833,4.079583,4.078333,4.177417,4.264583,4.055167,4.064833,4.031,4.044083,,4.233917,4.02625,,4.021667,3.936667,4.1445,4.183084,3.932667,3.906917,3.989583,3.902167,4.119083,4.028833,4.087083,3.978167,4.005167,4.132833,4.138167,4.115083,4.132916,4.160167,4.103833,4.13575,4.113667,4.07375,4.130667,4.160333,3.934,4.091917,4.087333,4.083583,4.070416,4.139167,4.173833,4.156667,4.134666,4.100917,4.197667,4.14625,4.16625,4.197166,4.149,4.14075,4.231917,4.171,4.153417,4.221667,4.144417,4.127,4.153584,4.191167,4.148417,4.167833,4.149083,3.959667,4.178667,4.1475,4.199333,3.962,4.49125,4.15125,3.9435,4.215917,4.134833,4.172,4.170583,3.956083,4.000583,4.199833,4.134583,4.125083,4.450917,4.18875,4.124583,4.11225,4.1235,4.116,3.953583,4.232711031249999,654.6450060625
2022-10-19 12:00:00,984.7147,,61.01756,60.90677,61.127990937499995,61.75438,60.99346,59.90985,60.81277,60.96791,60.93896,61.127990937499995,60.6326,61.10946,59.90977,60.96644,60.86292,58.54163,48.78625,61.06979,60.90263,58.79729,60.99294,60.97863,60.79221,61.00614,61.00158,43.31265,61.09983,60.95763,60.92919,60.16721,61.63796,58.72333,60.9161,60.33466,54.7859,59.67687,,58.81954,49.39627,60.93833,48.81741,60.26212,58.57796,60.97866,61.16671,53.74583,61.25754,59.82506,53.53933,59.90479,60.71029,59.09569,53.01083,61.14048,61.00654,54.60215,56.68744,54.31006,61.05117,60.89737,53.35488,59.88427,52.83535,59.5816,53.88629,,54.72852,61.04152,60.93998,49.34923,61.13671,53.16242,60.86016,59.91944,61.03062,60.86296,60.73542,60.70488,60.77481,60.78062,61.1809,59.90117,60.72133,60.84592,60.76958,60.82631,,59.85316,60.73012,,60.70619,60.71696,60.77548,60.93538,58.99361,60.76946,61.18175,60.54521,60.84242,60.58089,60.95265,60.91215,61.25988,60.80202,60.90756,60.77819,60.89589,61.2905,60.88073,60.95591,60.931,60.86519,60.92738,61.08494,57.79969,60.74069,60.59425,60.75529,59.08383,61.00381,60.88533,60.91238,60.93881,60.80648,57.91154,60.90915,60.99202,60.96617,60.69273,61.04873,59.92838,60.85127,60.52229,59.89981,60.93919,60.795,60.82725,61.00477,60.78645,60.86467,61.016,61.2761,60.96596,60.79781,59.8979,58.23429,61.02823,60.89838,49.26848,59.90356,60.67194,60.94962,60.72452,57.99965,58.35256,59.87429,60.79254,60.63187,61.00654,60.79127,60.72541,60.79854,61.20715,60.93546,58.44819,61.127990937499995,9597.736571875
2022-10-19 13:00:00,987.3344,,61.34381,61.13192,61.33885125,61.79704,61.28154,60.1526,61.19821,61.26458,61.15265,61.33885125,60.9069,61.47363,60.14825,61.31881,61.08165,57.85839,49.38842,61.4375,61.36173,58.2515,61.31927,61.36106,61.1394,61.37808,61.36304,25.31971,61.38071,61.34527,61.22192,59.77398,61.73381,58.79684,61.22544,60.10385,54.2744,59.28265,,58.22252,48.75508,60.9126,48.39389,59.79193,58.32032,61.28483,61.16646,53.10723,60.67804,59.47835,52.88625,60.08294,59.98323,58.80802,52.14254,61.18583,61.00362,53.91767,44.95596,53.77877,61.03865,60.80719,52.90121,60.01146,44.52737,27.67333,53.46321,,54.36392,61.44681,61.31089,49.18085,61.29856,52.82344,61.25665,60.1655,61.32327,61.13571,60.9869,60.51071,61.06631,60.75704,60.99504,60.13917,61.06567,61.17052,61.13142,60.5755,,60.09027,60.99575,,60.72746,60.30956,60.93804,61.09519,59.22133,60.47319,60.72956,60.62696,60.95698,60.58731,60.43675,60.53169,60.84761,61.06417,61.20602,61.048,60.56883,61.32202,61.03796,60.78204,60.59796,61.06121,61.17152,61.26133,56.58006,59.83527,60.79146,60.8909,58.71208,61.01542,61.05977,60.8221,61.16329,60.0149,44.32469,60.31458,60.76915,60.54192,60.97381,61.12515,60.13446,60.95617,60.6455,59.91954,60.64811,61.0805,61.17356,61.1846,61.13721,60.94783,60.60719,60.88509,61.01852,60.58031,60.12785,57.03275,60.46627,60.98004,31.01692,59.9309,61.00079,61.08431,60.95117,57.29314,57.67442,60.11854,61.13873,60.89379,61.27738,60.9221,60.94944,60.69564,61.50604,60.94336,57.81915,61.33885125,9491.593222500002
2022-10-19 14:00:00,895.9413,,58.81546,57.70052,58.447735937500006,57.71121,57.81648,57.27729,57.94425,50.15068,58.20854,58.447735937500006,58.50665,58.29292,57.66256,58.07488,57.65829,53.91679,46.58617,58.88477,59.35377,54.51371,59.53015,59.48212,58.39112,59.20214,58.65946,19.05377,58.18631,58.7831,58.01485,55.58004,58.34154,54.51886,57.81469,55.91386,50.71487,54.63913,,53.34281,45.24779,56.54485,44.5906,55.18409,53.49404,57.83746,56.47229,49.29346,55.97884,54.99983,49.07411,56.45721,55.04698,53.97094,48.03436,56.79744,56.30492,49.90392,41.76958,49.56981,56.82917,56.40171,49.12602,56.11206,41.34433,45.34081,49.52371,,50.65735,59.03233,58.82381,46.09787,57.16033,49.18471,58.39989,57.49,57.22463,57.25517,57.42273,57.35958,57.919,58.09244,58.59452,58.1939,58.41631,57.48911,57.95485,57.25119,,57.04204,57.5984,,56.52885,56.59956,57.10752,57.13219,57.14733,57.03516,57.00536,56.37656,56.79923,56.23898,56.79517,56.91371,57.34925,57.36489,58.21325,57.67731,57.17071,57.13836,57.12848,57.03171,57.24508,57.11185,57.32415,57.23875,53.09684,56.00619,57.14525,56.77452,56.88506,56.70871,57.21313,56.43402,57.18244,55.91873,41.18108,56.53265,57.55771,57.26979,57.51529,57.21423,56.87406,57.14769,56.77167,55.97494,57.56298,57.64735,58.28062,57.02473,57.90531,56.76204,57.04131,57.34646,57.68598,56.63556,56.84465,53.12419,57.24121,56.86648,28.93015,55.86462,58.17535,57.16687,57.29417,52.95619,53.64519,57.43544,57.8091,57.52137,57.49652,56.80723,57.08717,56.28619,57.54491,56.52569,53.18185,58.447735937500006,8928.824011875
2022-10-19 15:00:00,742.2378,,49.00358,48.13094,48.98236843749999,48.3415,48.28283,47.94566,48.44167,48.23025,48.6124,48.98236843749999,48.95858,49.14513,48.37256,48.86541,48.66808,45.04371,39.30239,49.29688,50.19621,45.69323,50.42892,50.42788,48.9925,50.30377,49.321,28.35485,49.13902,49.30354,48.98417,46.66744,49.0306,45.49679,48.47908,46.57946,42.50723,45.60284,,44.55744,37.75913,47.00439,37.21621,45.72421,44.14585,48.22992,46.78061,41.11194,46.54029,45.46975,40.81704,46.91394,45.60316,44.35482,39.71239,47.0004,46.71248,41.35356,34.76829,41.03385,47.39452,46.84504,40.79908,46.72837,34.39996,47.82737,41.27219,,42.36429,49.25917,49.13173,38.84533,47.79546,41.31606,48.97462,48.02077,47.38054,47.58992,47.68364,47.56158,48.05771,48.22538,48.73796,48.52861,48.53162,47.74483,48.19586,47.51112,,47.49041,47.83842,,46.96396,47.04787,47.45769,47.52479,47.5401,47.44669,47.33648,46.82954,47.13158,46.58983,47.18781,47.26956,47.64844,47.60086,48.32,48.09873,47.67173,47.69012,47.61194,47.52775,47.72363,47.62906,47.74038,47.68431,44.25319,46.62827,47.54165,47.266,47.3675,47.21746,47.69002,47.09116,47.6539,46.49112,34.36733,46.8646,48.06815,47.74583,47.96731,47.75084,47.63398,47.70261,47.328,46.50275,47.97234,47.98946,48.57279,47.38683,48.22796,47.32048,47.54604,47.847,48.01042,47.17292,47.37523,44.28765,47.68134,47.31996,24.73235,46.84309,48.55373,47.72571,47.8775,44.2835,44.7791,47.94512,48.15933,48.01104,47.86683,47.27843,47.57098,46.91104,47.972,47.15244,44.25489,48.98236843749999,7476.008086875001
2022-10-19 16:00:00,514.9244,,33.66302,33.04523,33.952154375000006,33.31354,33.24512,33.06084,33.38961,33.46542,33.4551,33.952154375000006,33.72766,34.40858,33.44281,34.09377,34.08965,31.04967,27.56658,34.06475,35.2589,31.70838,35.50308,35.57743,33.98708,35.62419,34.32969,25.15945,34.5326,34.177,34.37865,32.58621,33.91777,31.48331,33.66842,32.15575,29.47219,30.8791,,29.96914,25.93421,32.27488,25.5756,31.28312,30.13071,32.99525,31.9906,28.43894,31.74394,30.69394,28.04642,31.88465,30.96811,29.80727,26.93296,31.93804,31.71608,28.24895,27.77261,27.97423,32.68483,32.21035,27.99752,32.15788,24.17819,32.94998,28.522,,29.44206,33.88604,33.86113,27.27209,33.06975,28.8791,33.87819,32.9535,32.26936,32.70039,32.66763,32.56894,32.84181,33.04229,33.42217,33.18198,33.1285,32.72079,32.98238,32.49452,,32.51556,32.66265,,32.17271,32.16704,32.57327,32.59302,32.57379,32.51483,32.46431,32.00746,32.28186,31.82654,32.38706,32.45144,32.76387,32.63092,33.12692,33.0115,32.70737,32.7275,32.64175,32.55725,32.74384,32.71429,32.71454,32.68931,30.38108,31.99125,32.5591,32.36008,32.51258,32.28033,32.70817,32.32294,32.64931,31.5986,23.65175,32.07248,33.01023,32.74992,32.89688,32.84381,32.83215,32.82006,32.44138,31.82544,32.94696,32.92519,33.3439,32.41977,33.08817,32.46959,32.68227,32.93146,32.9306,32.28967,32.53104,30.40862,32.69721,32.40413,20.30339,32.18294,33.32627,32.84988,32.90194,30.44,30.76229,32.84385,32.93786,32.95473,32.72296,32.29943,32.57888,32.24479,32.9355,32.28085,30.261,33.952154375000006,5153.29115875
2022-10-19 17:00:00,221.2707,,13.46046,12.97298,13.9704809375,13.38319,13.38967,13.26544,13.51723,13.80519,13.47569,13.9704809375,13.58502,14.5439,13.65737,14.30675,14.38962,12.56971,11.73202,13.92044,15.02694,13.07767,15.26273,15.35398,13.97038,15.50469,14.26933,10.95865,14.80367,14.09715,14.5996,13.70579,13.91335,13.06146,13.87371,13.22271,12.14863,12.1684,,11.935,10.37556,13.02163,10.30313,12.55144,12.11059,13.157,12.72096,11.52844,12.43904,11.7485,11.16044,12.38417,11.73873,11.37304,10.29433,12.54848,12.06742,11.03238,13.18073,10.83225,13.06269,12.78496,10.89477,12.79461,11.37329,13.14854,11.39127,,12.05,13.56827,13.60954,11.39073,13.43975,11.90758,13.7961,12.69106,12.34573,12.40002,12.29477,12.47583,12.33848,12.76669,12.70811,12.86444,12.42315,12.35608,12.55954,12.46935,,12.52198,12.37977,,11.82577,12.29492,12.06117,12.59623,11.99048,12.4996,12.14361,12.23831,11.9915,12.01173,12.08883,12.53487,12.37635,12.50042,12.77088,12.20856,12.02696,12.76421,11.9635,12.53446,12.05348,12.6401,11.97256,12.47548,11.14246,12.2666,11.90902,12.35075,12.03325,12.33067,12.35015,12.57625,12.2286,11.98806,10.01004,12.29161,12.49804,12.68821,12.30479,12.87263,12.45208,12.61975,11.99194,12.21871,12.89404,12.7851,12.92304,12.7934,12.79471,12.82198,12.66242,12.99671,12.67573,12.51525,12.46685,12.01333,12.42073,12.63508,10.04621,12.53375,12.82714,13.08285,12.77594,12.03037,12.06435,12.90727,12.73831,13.04331,12.63246,12.33337,12.59875,12.78329,12.92894,12.71958,11.90721,13.9704809375,2031.2839018749996
2022-10-19 18:00:00,2.520837,,0.3322778,0.3278889,0.0,0.3576111,0.3688889,0.41425,0.3722778,0.4299167,0.3686389,0.0,0.2969444,0.5503333,0.4365833,0.4994722,0.4812777,0.3149722,0.4500277,0.4165,0.5156946,0.3937778,0.5733055,0.5297779,0.3577222,0.6058889,0.4057221,0.4469723,0.5879721,0.3696389,0.4871111,0.455,0.3619167,0.43275,0.3539167,0.4788056,0.3045278,0.4347499,,0.3892777,0.2261389,0.3603611,0.2108333,0.3770278,0.4455001,0.2828056,0.3571667,0.3212778,0.2898889,0.4168056,0.2227778,0.377565,0.302,0.2383611,0.3346424,0.3441389,0.2658333,0.2345,0.4301667,0.2836111,0.3240833,0.3275555,0.2044167,0.3613496,0.3256389,0.3655,0.2250833,,0.3608889,0.3286945,0.3376944,0.2606944,0.384,0.2365,0.3464167,0.3623611,0.3176389,0.2814722,0.2438055,0.2331389,0.2438056,0.2840556,0.4311267,0.4216389,0.2402222,0.2707222,0.29,0.2456945,,0.2803889,0.2257778,,0.2395278,0.2631111,0.2609445,0.3538611,0.2079166,0.2539445,0.2878889,0.2234444,0.2414444,0.2358333,0.2818889,0.3007778,0.3005278,0.2363611,0.2933333,0.2706944,0.2680278,0.3115555,0.2531389,0.2333056,0.3336389,0.2596945,0.2664167,0.2881111,0.2868611,0.2578333,0.21725,0.23225,0.28,0.2585278,0.2768056,0.2778611,0.22275,0.2617222,0.3764167,0.2649445,0.2663056,0.2472778,0.1970278,0.3256945,0.3923889,0.2393889,0.2018889,0.2928611,0.3178333,0.2471944,0.27525,0.2746945,0.2751667,0.2878889,0.2693334,0.2660278,0.2731111,0.2733056,0.2774722,0.2676667,0.2401111,0.2687222,0.2713754,0.3428333,0.2685278,0.3096667,0.2737222,0.283,0.3574722,0.32625,0.2684722,0.2799167,0.2498889,0.2411111,0.2330278,0.3009722,0.3906111,0.266,0.2909167,,50.593142900000004
2022-10-19 19:00:00,0.0,,,,,,,,,,,,,,,,,,,,,,,,,,,,,,,,,,,,,,,,,,,,,,,,,,,,,,,,,,,,,,,,,,,,,,,,,,,,,,,,,,,,,,,,,,,,,,,,,,,,,,,,,,,,,,,,,,,,,,,,,,,,,,,,,,,,,,,,,,,,,,,,,,,,,,,,,,,,,,,,,,,,,,,,0.0
2022-10-19 20:00:00,0.0,,,,,,,,,,,,,,,,,,,,,,,,,,,,,,,,,,,,,,,,,,,,,,,,,,,,,,,,,,,,,,,,,,,,,,,,,,,,,,,,,,,,,,,,,,,,,,,,,,,,,,,,,,,,,,,,,,,,,,,,,,,,,,,,,,,,,,,,,,,,,,,,,,,,,,,,,,,,,,,,,,,,,,,,0.0
2022-10-19 21:00:00,0.0,,,,,,,,,,,,,,,,,,,,,,,,,,,,,,,,,,,,,,,,,,,,,,,,,,,,,,,,,,,,,,,,,,,,,,,,,,,,,,,,,,,,,,,,,,,,,,,,,,,,,,,,,,,,,,,,,,,,,,,,,,,,,,,,,,,,,,,,,,,,,,,,,,,,,,,,,,,,,,,,,,,,,,,,0.0
2022-10-19 22:00:00,0.0,,,,,,,,,,,,,,,,,,,,,,,,,,,,,,,,,,,,,,,,,,,,,,,,,,,,,,,,,,,,,,,,,,,,,,,,,,,,,,,,,,,,,,,,,,,,,,,,,,,,,,,,,,,,,,,,,,,,,,,,,,,,,,,,,,,,,,,,,,,,,,,,,,,,,,,,,,,,,,,,,,,,,,,,0.0
2022-10-19 23:00:00,0.0,,,,,,,,,,,,,,,,,,,,,,,,,,,,,,,,,,,,,,,,,,,,,,,,,,,,,,,,,,,,,,,,,,,,,,,,,,,,,,,,,,,,,,,,,,,,,,,,,,,,,,,,,,,,,,,,,,,,,,,,,,,,,,,,,,,,,,,,,,,,,,,,,,,,,,,,,,,,,,,,,,,,,,,,0.0
2022-10-20 00:00:00,0.0,,,,,,,,,,,,,,,,,,,,,,,,,,,,,,,,,,,,,,,,,,,,,,,,,,,,,,,,,,,,,,,,,,,,,,,,,,,,,,,,,,,,,,,,,,,,,,,,,,,,,,,,,,,,,,,,,,,,,,,,,,,,,,,,,,,,,,,,,,,,,,,,,,,,,,,,,,,,,,,,,,,,,,,,0.0
2022-10-20 01:00:00,0.0,,,,,,,,,,,,,,,,,,,,,,,,,,,,,,,,,,,,,,,,,,,,,,,,,,,,,,,,,,,,,,,,,,,,,,,,,,,,,,,,,,,,,,,,,,,,,,,,,,,,,,,,,,,,,,,,,,,,,,,,,,,,,,,,,,,,,,,,,,,,,,,,,,,,,,,,,,,,,,,,,,,,,,,,0.0
2022-10-20 02:00:00,0.0,,,,,,,,,,,,,,,,,,,,,,,,,,,,,,,,,,,,,,,,,,,,,,,,,,,,,,,,,,,,,,,,,,,,,,,,,,,,,,,,,,,,,,,,,,,,,,,,,,,,,,,,,,,,,,,,,,,,,,,,,,,,,,,,,,,,,,,,,,,,,,,,,,,,,,,,,,,,,,,,,,,,,,,,0.0
2022-10-20 03:00:00,0.0,,,,,,,,,,,,,,,,,,,,,,,,,,,,,,,,,,,,,,,,,,,,,,,,,,,,,,,,,,,,,,,,,,,,,,,,,,,,,,,,,,,,,,,,,,,,,,,,,,,,,,,,,,,,,,,,,,,,,,,,,,,,,,,,,,,,,,,,,,,,,,,,,,,,,,,,,,,,,,,,,,,,,,,,0.0
2022-10-20 04:00:00,0.0,,,,,,,,,,,,,,,,,,,,,,,,,,,,,,,,,,,,,,,,,,,,,,,,,,,,,,,,,,,,,,,,,,,,,,,,,,,,,,,,,,,,,,,,,,,,,,,,,,,,,,,,,,,,,,,,,,,,,,,,,,,,,,,,,,,,,,,,,,,,,,,,,,,,,,,,,,,,,,,,,,,,,,,,0.0
2022-10-20 05:00:00,0.0,,,,,,,,,,,,,,,,,,,,,,,,,,,,,,,,,,,,,,,,,,,,,,,,,,,,,,,,,,,,,,,,,,,,,,,,,,,,,,,,,,,,,,,,,,,,,,,,,,,,,,,,,,,,,,,,,,,,,,,,,,,,,,,,,,,,,,,,,,,,,,,,,,,,,,,,,,,,,,,,,,,,,,,,0.0
2022-10-20 06:00:00,0.0,,,,,,,,,,,,,,,,,,,,,,,,,,,,,,,,,,,,,,,,,,,,,,,,,,,,,,,,,,,,,,,,,,,,,,,,,,,,,,,,,,,,,,,,,,,,,,,,,,,,,,,,,,,,,,,,,,,,,,,,,,,,,,,,,,,,,,,,,,,,,,,,,,,,,,,,,,,,,,,,,,,,,,,,0.0
2022-10-20 07:00:00,8.212221,,0.4064791,0.5535417,0.0,0.2295625,0.3851251,0.5741041,0.2791875,0.33025,0.5078126,0.0,0.3820626,0.2797917,0.6024582,0.26325,0.3923334,0.4092917,0.3079583,0.3497708,0.1507292,0.2887708,0.3608958,0.3117708,0.3305208,0.3095208,0.3572709,0.4037709,0.3076667,0.331125,0.2645417,0.2339792,0.332625,0.234125,0.3060625,0.2261875,0.1887708,0.2969792,,0.2303542,0.2069375,0.2079792,0.21175,0.3358333,0.4941249,0.2136042,0.1925833,0.5109167,0.1374792,0.5105624,0.2304792,0.5119166,0.2837917,0.1555833,0.5327291,0.4064375,0.19775,0.2551875,0.3026459,0.1351875,0.3537917,0.3604375,0.320125,0.5809583,0.2466667,0.25375,0.257,,0.3518958,0.2812917,0.2910625,0.22325,0.3273333,0.2187708,0.2983333,0.5282501,0.4393332,0.304625,0.3728958,0.4204792,0.4222501,0.3987084,0.6271251,0.6446667,0.3630416,0.4416876,0.3985209,0.3489792,,0.2905625,0.4611457,,0.4136249,0.3360417,0.3817292,0.4791875,0.4894999,0.1854167,0.2549167,0.4243124,0.3748334,0.4627708,0.4517709,0.4920833,0.4877916,0.3666041,0.4563749,0.4540207,0.4154375,0.3790001,0.4273959,0.1369583,0.4947917,0.221375,0.3688125,0.3117083,0.3254167,0.5412084,0.4086043,0.3024583,0.4751667,0.3388958,0.4604793,0.3405417,0.2324792,0.3524375,0.4446874,0.3844375,0.2726042,0.4656458,0.2507083,0.4274791,0.6601874,0.3832708,0.5056666,0.4903125,0.4051459,0.4404584,0.4420209,0.2116458,0.3419375,0.3310417,0.2834375,0.3233958,0.3374792,0.167375,0.4824999,0.3098542,0.2323542,0.3574166,0.4367916,0.3822084,0.4234584,0.3945626,0.5953957,0.5107915,0.6011043,0.5454792,0.4217291,0.4897291,0.2884167,0.3714584,0.4406874,0.4328958,0.3915416,0.4228542,0.24,,57.963374900000005
2022-10-20 08:00:00,194.5504,,1.525699,1.888491,6.788734749999999,1.392331,1.472177,2.261016,1.794696,1.504523,2.31357,6.788734749999999,1.746709,1.319752,1.922155,1.243063,1.432356,1.732081,1.402838,1.470832,0.9592815,1.205666,1.432322,1.306065,1.679863,1.385547,1.466189,1.52366,1.314739,1.36104,1.181234,1.136155,1.530977,1.045176,1.345092,0.9705833,1.040921,1.181489,,0.98494,0.9490969,1.0647,0.9715315,1.315635,1.743261,1.085745,1.043522,1.64711,0.9192878,1.837534,1.380437,1.794257,1.145931,1.063237,1.779006,2.516356,0.9663578,2.886728,1.280613,1.279661,1.469039,1.427685,2.421652,3.42564,2.159324,3.346896,2.788739,,3.354658,3.629117,3.762304,3.613428,4.177131,3.741142,4.936248,7.924126,7.860225,4.374845,4.928373,3.603653,7.736104,3.888705,6.776388,5.215491,8.014829,4.63609,8.088426,7.650831,,5.158824,8.787831,,6.53759,1.72614,3.038889,2.088001,3.699846,1.400476,6.58618,5.603475,3.911617,2.202819,7.46275,2.498466,4.756051,2.687339,6.454932,6.563254,2.558448,1.571362,6.398322,2.294333,2.67176,2.644369,6.047367,2.677802,5.768946,3.526437,6.034079,3.246423,2.770784,1.620509,3.101442,1.372258,5.755606,1.485789,2.342345,1.529056,2.215148,1.726399,5.350914,3.204088,2.95515,1.531797,2.711624,1.709062,1.571089,3.92159,3.755567,1.36997,3.392426,1.647575,3.275711,1.633371,6.531237,1.165013,7.038802,1.353243,3.027808,1.540524,4.613662,1.497183,8.306919,2.051716,5.923229,1.985493,7.863457,6.987648,7.769457,1.96226,4.383778,1.67246,7.640277,1.811664,6.465748,4.366845,1.294562,6.788734749999999,503.47817729999997
2022-10-20 09:00:00,493.4469,,,,,,,,,,,,,,,,,,,,,,,,,,,,,,,,,,,,,,,,,,,,,,,,,,,,,,,,,,,,,,,,,,,,,,,,,,,,,,,,,,,,,,,,,,,,,,,,,,,,,,,,,,,,,,,,,,,,,,,,,,,,,,,,,,,,,,,,,,,,,,,,,,,,,,,,,,,,,,,,,,,,,,,,0.0
2022-10-20 10:00:00,738.0757,,,,,,,,,,,,,,,,,,,,,,,,,,,,,,,,,,,,,,,,,,,,,,,,,,,,,,,,,,,,,,,,,,,,,,,,,,,,,,,,,,,,,,,,,,,,,,,,,,,,,,,,,,,,,,,,,,,,,,,,,,,,,,,,,,,,,,,,,,,,,,,,,,,,,,,,,,,,,,,,,,,,,,,,0.0
2022-10-20 11:00:00,904.6119,,42.71052,42.56263,42.60531687499999,42.79742,42.46525,41.87669,42.38581,42.14902,42.59681,42.60531687499999,42.50069,42.28519,42.00804,42.17508,41.97108,40.21804,36.69108,42.71342,42.31477,40.32921,42.40023,42.29913,42.46339,42.28886,42.605,36.978,41.65681,42.57008,41.74248,40.29734,42.90365,39.27039,42.30058,40.27869,37.45736,39.75652,,39.31662,33.6306,41.32506,33.0305,40.64752,39.50617,42.39323,41.6716,36.85886,41.56293,41.12142,36.3545,41.4566,40.8996,40.01279,36.19839,42.03973,41.8504,37.53929,42.39238,37.13343,41.63181,41.86913,36.75169,41.63863,37.06298,42.33435,36.87521,,37.45208,42.64881,42.56171,33.55917,42.13848,36.26792,42.40623,41.98571,42.6219,42.43033,42.42077,42.41225,42.52784,42.51275,42.83612,41.95583,42.48225,42.43302,42.45635,42.45588,,41.93375,42.43858,,42.21523,42.2247,42.33315,42.52096,41.33181,42.291,42.50929,42.11952,42.33802,42.13983,42.4519,42.49092,42.7532,42.531,42.70034,42.57394,42.50261,42.65035,42.53748,42.42781,42.56531,42.42823,42.51471,42.54981,40.08204,42.14077,42.38792,42.35598,41.40712,42.39381,42.49731,42.3025,42.42671,41.973,42.36814,42.17881,42.53731,42.53648,42.45298,42.50546,41.93319,42.40802,42.28756,41.79723,42.59063,42.50288,42.55921,42.34602,42.46463,42.27618,42.41056,42.55406,42.51194,42.11623,41.93842,39.80502,42.43869,42.4001,37.42783,41.81258,42.46708,42.38188,42.47827,39.91663,40.31154,41.94748,42.48569,42.39362,42.50065,42.24467,42.30821,42.01327,39.99479,42.26358,39.93181,42.60531687499999,6669.740653750001
2022-10-20 12:00:00,983.7867,,61.32336,61.15233,61.433971875,61.83306,61.28694,60.21625,61.14914,61.21548,61.10546,61.433971875,60.92588,61.409,60.20835,61.29023,61.12825,58.6189,50.13694,61.38621,61.3111,58.98475,61.28909,61.33319,61.10775,61.30536,61.35577,34.58075,61.39286,61.2841,61.27004,60.26325,61.98034,58.87521,61.21117,60.48335,55.00932,59.74894,,58.93111,49.53583,61.34927,48.99946,60.49271,58.81738,61.29525,61.52879,53.84371,61.25312,60.11704,53.67483,60.09054,60.95058,59.2755,53.10129,61.47063,61.40996,54.82502,45.75412,54.48615,61.4035,61.21054,53.68529,60.14682,48.96835,39.37331,54.18477,,55.03988,61.41442,61.26052,49.69848,61.51171,53.49258,61.21629,60.16758,61.36421,61.18406,61.01298,61.00243,61.08856,61.09002,61.49475,60.07477,61.03563,61.10715,61.09721,61.19244,,60.14356,61.02073,,60.99121,61.05812,61.05446,61.29373,59.2174,61.16454,61.57629,60.85483,61.12436,60.88967,61.21392,61.21936,61.50125,61.09773,61.21431,61.07648,61.17754,61.59404,61.18208,61.30129,61.22246,61.14571,61.17798,61.43192,58.05587,60.99546,60.88506,61.05085,59.36361,61.21788,61.16885,61.25212,61.25998,61.08815,48.43681,61.20687,61.32891,61.21169,61.04827,61.31837,60.1629,61.10192,60.81381,60.13852,61.24431,61.07087,61.13223,61.34425,61.09909,61.18521,61.37248,61.61229,61.26796,61.12298,60.20509,58.37683,61.32542,61.2006,49.45233,60.20488,61.00985,61.23933,60.97429,57.99121,58.41527,60.1155,61.12315,60.9029,61.30785,61.10279,61.0005,61.11992,58.58123,61.23037,58.619,61.433971875,9585.76145375
2022-10-20 13:00:00,986.6666,,60.85623,60.38552,60.7808421875,60.91867,60.62575,59.52182,60.57938,60.65134,60.55238,60.7808421875,60.29813,60.88427,59.48781,60.71725,60.40729,57.44196,49.67369,60.78025,60.90235,57.91684,60.89944,60.86475,60.49131,60.7785,60.83098,52.21479,60.62138,60.73338,60.60661,59.63204,61.1386,58.56739,60.36192,59.71719,54.027,59.04531,,57.90858,48.48812,60.39911,48.42963,59.50931,58.0969,60.51431,60.72187,52.99225,60.22594,58.95823,52.76271,59.52935,59.73729,58.6221,52.08238,60.60806,60.63463,53.57812,44.71265,53.14573,60.49311,60.45904,52.54529,59.30013,44.07969,25.57627,52.93952,,53.85287,61.02919,60.85889,48.83225,60.72514,52.5466,60.72552,59.64365,60.67836,60.25796,60.31467,60.435,59.91094,60.57633,61.08048,59.7335,60.52206,60.46325,60.52411,59.9216,,59.48554,59.64523,,59.94823,60.3129,59.29461,60.51833,57.47355,59.70273,60.3471,60.02502,60.35329,59.55771,60.54214,59.8041,60.86902,59.9281,60.14085,60.02573,60.46381,60.815,60.46727,60.20475,60.53029,60.3884,59.89975,60.68779,56.92773,59.59496,60.16296,59.66454,58.9621,59.91962,60.40831,59.89883,60.54385,60.06059,44.15417,60.35429,60.74939,60.4413,60.44558,59.28917,59.59687,59.11054,60.22092,59.23596,59.92021,60.45013,60.60283,60.65744,60.52833,60.41142,60.00448,60.45639,60.68415,60.32555,59.61302,56.97166,60.05585,60.4585,46.1496,59.26841,60.49756,60.47709,60.28989,56.76979,57.28006,59.418,60.5459,60.12917,60.65227,60.43388,60.2971,60.00912,57.6245,60.15965,57.59165,60.7808421875,9444.282414375
2022-10-20 14:00:00,682.9288,,42.95736,42.3456,42.60921437499999,42.72471,42.45163,41.99606,42.50469,42.27804,42.55092,42.60921437499999,42.49283,42.66589,41.92698,42.38742,42.21367,39.86946,34.41119,42.74215,42.89142,40.19315,42.98092,42.88025,42.42394,42.78535,42.59244,42.89037,42.28742,42.73894,42.1559,40.95679,42.804,40.37019,42.33135,41.19038,37.66584,40.27798,,39.41192,33.66477,41.43961,33.22831,40.64977,39.64277,42.21469,41.39171,36.46931,41.22042,40.48658,36.25527,41.27422,40.82087,40.14527,35.64783,41.67855,41.48204,36.91658,30.85323,36.49314,41.58117,41.64436,36.11383,40.99098,30.46773,25.74627,36.46888,,37.33115,42.51986,42.34446,33.79054,42.00402,36.06967,42.23994,41.7125,41.79425,41.87196,41.83854,41.72756,42.01338,42.0284,42.45042,41.97123,42.14465,41.86358,41.97754,41.78823,,41.38848,41.6981,,41.54163,41.66646,41.78377,41.90273,41.27615,41.91536,42.00627,41.35223,41.61287,41.33442,41.70261,41.67402,41.99325,41.75785,42.11739,42.29987,42.14008,42.23208,42.07552,42.03439,42.08696,42.01219,42.0592,42.07452,39.396,41.27615,41.81419,41.72177,41.32808,41.61792,42.21521,41.9474,42.17021,41.46529,30.73871,41.74773,42.53571,42.10446,42.26854,42.21127,41.98783,41.96233,41.83577,41.24904,42.24363,42.34233,42.61716,42.14833,42.48094,42.02202,42.19318,42.37471,42.52362,41.90173,41.82742,39.58033,42.27375,42.07515,33.90363,41.28,42.92865,42.40523,42.41359,39.54646,40.16304,42.16794,42.6386,42.39287,42.40267,42.02842,42.25391,41.88008,40.1755,41.90834,39.80629,42.60921437499999,6592.267148749999
2022-10-20 15:00:00,400.0038,,25.75256,25.25734,25.57596843750001,25.4656,25.34583,25.16223,25.33083,25.11433,25.39277,25.57596843750001,25.58518,25.64552,25.36129,25.44925,25.22787,23.50084,20.40831,25.70613,25.97131,23.78873,26.09509,25.99237,25.51627,25.93092,25.59617,26.10387,25.35175,25.56981,25.15415,24.23177,25.52944,23.60085,25.08637,24.11502,22.00144,23.57619,,22.98586,19.65685,24.22742,19.2755,23.65275,23.0875,25.00181,24.11221,21.3793,23.98596,23.732,21.14815,24.57681,23.90027,23.424,21.03494,24.66621,24.37677,21.70804,18.22796,21.5725,24.73017,24.69817,21.35275,24.66929,18.02919,25.12469,21.53598,,22.1379,25.86854,25.76454,20.07142,25.23106,21.13746,25.58792,25.16167,24.8583,24.96008,24.92946,24.88639,25.06748,25.18113,25.52406,25.30148,25.21452,24.87648,25.12423,24.804,,24.76192,24.91571,,24.5144,24.61387,24.81681,24.92354,24.75633,24.85644,24.89515,24.40081,24.64525,24.42206,24.7936,24.84287,25.02604,24.93775,25.31858,25.23054,25.01031,25.01561,24.93846,24.79246,25.03733,24.899,24.93654,24.92058,23.19827,24.3519,24.86448,24.72577,24.86967,24.68185,25.0386,24.80767,24.92375,24.46069,18.16602,24.70988,25.23575,24.98652,25.10081,25.06414,25.16473,24.89693,24.79391,24.60932,25.11361,25.12925,25.37873,25.04238,25.17015,24.97131,24.91565,25.26813,25.19323,24.8556,24.88225,23.25333,25.00973,24.9756,19.925,24.72577,25.67548,25.40988,25.27592,23.53369,23.51383,25.36577,25.09229,25.25383,25.08,25.0055,24.76375,24.76617,23.4264,24.74173,23.41739,25.57596843750001,3926.6344768749996
2022-10-20 16:00:00,228.8981,,14.97315,14.68939,15.034789687500002,14.7621,14.7241,14.55788,14.74775,14.64329,14.81723,15.034789687500002,14.82192,15.06002,14.79079,14.88042,14.74579,13.61486,11.97563,14.9356,15.20579,13.86841,15.30523,15.23162,14.79329,15.26167,14.9776,15.4,14.83869,14.95558,14.66292,14.00096,14.93562,13.62825,14.7266,13.96769,12.92452,13.54636,,13.19158,11.44915,13.969,11.24679,13.61675,13.37175,14.53569,13.93598,12.55188,13.77992,13.6259,12.23142,14.2169,13.74685,13.34983,12.18777,14.26956,14.00221,12.558,12.56023,12.45942,14.46183,14.30652,12.37508,14.47981,12.49802,14.72125,12.63725,,13.07031,15.12508,15.08538,11.95596,14.70181,12.6126,15.02413,14.91456,14.59608,14.79435,14.68688,14.50338,14.77327,14.69752,15.24519,14.9349,14.81894,14.62769,14.82156,14.56181,,14.57954,14.57894,,14.50319,14.431,14.74681,14.649,14.61154,14.5765,14.72329,14.27554,14.60031,14.24111,14.60279,14.50154,14.77029,14.50256,14.75167,14.92317,14.76787,14.63631,14.75138,14.45933,14.80894,14.52325,14.72079,14.61404,13.71698,14.26744,14.61114,14.38231,14.68556,14.36227,14.85821,14.51858,14.71131,14.17727,11.50496,14.40502,14.976,14.61827,14.85385,14.74231,14.97179,14.58317,14.61263,14.39969,14.77581,14.90096,15.11962,14.56283,14.99462,14.6045,14.82315,14.80433,14.9856,14.51431,14.76929,13.60583,14.81635,14.56127,11.92121,14.50461,15.27894,14.83138,15.02262,13.79838,14.16094,14.87106,15.03471,14.87058,14.83906,14.49175,14.79385,14.61881,14.06756,14.60554,13.63861,15.034789687500002,2305.925579375
2022-10-20 17:00:00,66.07154,,3.962167,3.886375,4.0301933750000005,3.894291,3.929,3.973708,3.93525,3.894896,3.967583,4.0301933750000005,3.857917,4.052146,4.028417,3.907104,3.845917,3.602062,3.218458,4.0165,3.978688,3.699833,4.05425,3.981667,3.910917,4.07325,4.020833,4.221708,4.004146,4.000166,3.86875,3.679292,4.033333,3.693208,3.944438,3.858958,3.474313,3.736271,,3.622125,3.070583,3.722833,2.985042,3.749729,3.758813,3.86225,3.769729,3.437792,3.667166,3.840875,3.225916,4.014459,3.755104,3.609313,3.492146,3.8915,3.77975,3.344292,4.141771,3.410521,3.877146,3.879833,3.253479,4.023396,3.506063,3.9795,3.321125,,3.600291,3.987833,3.933292,3.150896,3.944,3.242312,3.9115,4.035791,3.959396,3.903604,3.806792,3.803646,3.857167,3.923146,4.165771,4.113896,3.855313,3.841896,3.942521,3.846458,,3.859813,3.792438,,3.735437,3.807104,3.841771,4.006688,3.726542,3.832229,3.918104,3.706063,3.770583,3.735854,3.880042,3.925958,3.926833,3.835187,3.968146,3.9395,3.891479,3.974709,3.866709,3.777625,3.977083,3.826271,3.850396,3.926042,3.653708,3.790688,3.771,3.761188,3.893458,3.801354,3.897208,3.851625,3.793479,3.762167,4.102292,3.813562,3.922458,3.830042,3.787792,3.975146,4.080729,3.794667,3.753083,3.8945,3.993083,3.842375,3.908521,3.839771,3.890896,3.861229,3.861625,4.04575,3.889229,3.796125,3.868688,3.586625,3.818771,3.862729,3.301479,3.918854,3.97375,3.962875,3.925209,3.703646,3.783417,3.945584,3.880188,3.903083,3.845562,3.7655,3.745437,3.873417,3.777896,3.812479,3.65525,4.0301933750000005,615.1517657499999
2022-10-20 18:00:00,1.117836,,0.1595556,0.1541944,0.0,0.1543611,0.1720556,0.1963333,0.1644722,0.1588611,0.1725833,0.0,0.1296111,0.1888889,0.3064583,0.154,0.1471667,0.1361389,0.22375,0.2695833,0.1570833,0.1551667,0.17275,0.1531944,0.1522778,0.2689584,0.1710556,0.2487222,0.2760833,0.1659722,0.1464444,0.1344722,0.1764167,0.1527778,0.1674722,0.1844167,0.1459722,0.1686944,,0.1511111,0.1181111,0.2194166,0.11525,0.1781111,0.2149722,0.1530278,0.2402083,0.2618334,0.1436111,0.2532778,0.1225556,0.3411509,0.1668333,0.1369167,0.3033259,0.1875833,0.1465,0.1251944,0.2317778,0.1499722,0.1704167,0.1645,0.1174444,0.3134691,0.269875,0.1805833,0.1235833,,0.1856944,0.1585278,0.1437222,0.1254444,0.1643611,0.1183056,0.1383611,0.1975556,0.1788611,0.240375,0.1370556,0.1350556,0.142,0.1613889,0.2678889,0.2453056,0.1358611,0.1483611,0.1658611,0.1486667,,0.1588056,0.1336944,,0.1391389,0.1463889,0.1475,0.2159167,0.1184167,0.1423333,0.1683889,0.1932084,0.1381944,0.1386389,0.1608333,0.17025,0.248375,0.1406944,0.1673889,0.1570278,0.1562222,0.1773611,0.1505833,0.198,0.1861667,0.1435556,0.1453333,0.2485833,0.241625,0.1494722,0.19075,0.1334444,0.1594167,0.1408333,0.1587222,0.1538611,0.1883333,0.1416944,0.2108056,0.1481111,0.1495556,0.1415556,0.1805,0.1755555,0.2324445,0.1357778,0.1243056,0.1723333,0.1833611,0.1422222,0.2357084,0.1484722,0.2362916,0.1537778,0.1548333,0.2104419,0.1531389,0.1480278,0.158,0.1421389,0.1365833,0.2270834,0.3300152,0.1783055,0.1546389,0.1661944,0.1616111,0.1618889,0.19275,0.1781667,0.1584167,0.1543611,0.2180416,0.1351111,0.1321944,0.1618333,0.2145555,0.1471944,0.2399167,,27.8605831
2022-10-20 19:00:00,0.0,,,,,,,,,,,,,,,,,,,,,,,,,,,,,,,,,,,,,,,,,,,,,,,,,,,,,,,,,,,,,,,,,,,,,,,,,,,,,,,,,,,,,,,,,,,,,,,,,,,,,,,,,,,,,,,,,,,,,,,,,,,,,,,,,,,,,,,,,,,,,,,,,,,,,,,,,,,,,,,,,,,,,,,,0.0
2022-10-20 20:00:00,0.0,,,,,,,,,,,,,,,,,,,,,,,,,,,,,,,,,,,,,,,,,,,,,,,,,,,,,,,,,,,,,,,,,,,,,,,,,,,,,,,,,,,,,,,,,,,,,,,,,,,,,,,,,,,,,,,,,,,,,,,,,,,,,,,,,,,,,,,,,,,,,,,,,,,,,,,,,,,,,,,,,,,,,,,,0.0
2022-10-20 21:00:00,0.0,,,,,,,,,,,,,,,,,,,,,,,,,,,,,,,,,,,,,,,,,,,,,,,,,,,,,,,,,,,,,,,,,,,,,,,,,,,,,,,,,,,,,,,,,,,,,,,,,,,,,,,,,,,,,,,,,,,,,,,,,,,,,,,,,,,,,,,,,,,,,,,,,,,,,,,,,,,,,,,,,,,,,,,,0.0
2022-10-20 22:00:00,0.0,,,,,,,,,,,,,,,,,,,,,,,,,,,,,,,,,,,,,,,,,,,,,,,,,,,,,,,,,,,,,,,,,,,,,,,,,,,,,,,,,,,,,,,,,,,,,,,,,,,,,,,,,,,,,,,,,,,,,,,,,,,,,,,,,,,,,,,,,,,,,,,,,,,,,,,,,,,,,,,,,,,,,,,,0.0
2022-10-20 23:00:00,0.0,,,,,,,,,,,,,,,,,,,,,,,,,,,,,,,,,,,,,,,,,,,,,,,,,,,,,,,,,,,,,,,,,,,,,,,,,,,,,,,,,,,,,,,,,,,,,,,,,,,,,,,,,,,,,,,,,,,,,,,,,,,,,,,,,,,,,,,,,,,,,,,,,,,,,,,,,,,,,,,,,,,,,,,,0.0
2022-10-21 00:00:00,0.0,,,,,,,,,,,,,,,,,,,,,,,,,,,,,,,,,,,,,,,,,,,,,,,,,,,,,,,,,,,,,,,,,,,,,,,,,,,,,,,,,,,,,,,,,,,,,,,,,,,,,,,,,,,,,,,,,,,,,,,,,,,,,,,,,,,,,,,,,,,,,,,,,,,,,,,,,,,,,,,,,,,,,,,,0.0
2022-10-21 01:00:00,0.0,,,,,,,,,,,,,,,,,,,,,,,,,,,,,,,,,,,,,,,,,,,,,,,,,,,,,,,,,,,,,,,,,,,,,,,,,,,,,,,,,,,,,,,,,,,,,,,,,,,,,,,,,,,,,,,,,,,,,,,,,,,,,,,,,,,,,,,,,,,,,,,,,,,,,,,,,,,,,,,,,,,,,,,,0.0
2022-10-21 02:00:00,0.0,,,,,,,,,,,,,,,,,,,,,,,,,,,,,,,,,,,,,,,,,,,,,,,,,,,,,,,,,,,,,,,,,,,,,,,,,,,,,,,,,,,,,,,,,,,,,,,,,,,,,,,,,,,,,,,,,,,,,,,,,,,,,,,,,,,,,,,,,,,,,,,,,,,,,,,,,,,,,,,,,,,,,,,,0.0
2022-10-21 03:00:00,0.0,,,,,,,,,,,,,,,,,,,,,,,,,,,,,,,,,,,,,,,,,,,,,,,,,,,,,,,,,,,,,,,,,,,,,,,,,,,,,,,,,,,,,,,,,,,,,,,,,,,,,,,,,,,,,,,,,,,,,,,,,,,,,,,,,,,,,,,,,,,,,,,,,,,,,,,,,,,,,,,,,,,,,,,,0.0
2022-10-21 04:00:00,0.0,,,,,,,,,,,,,,,,,,,,,,,,,,,,,,,,,,,,,,,,,,,,,,,,,,,,,,,,,,,,,,,,,,,,,,,,,,,,,,,,,,,,,,,,,,,,,,,,,,,,,,,,,,,,,,,,,,,,,,,,,,,,,,,,,,,,,,,,,,,,,,,,,,,,,,,,,,,,,,,,,,,,,,,,0.0
2022-10-21 05:00:00,0.0,,,,,,,,,,,,,,,,,,,,,,,,,,,,,,,,,,,,,,,,,,,,,,,,,,,,,,,,,,,,,,,,,,,,,,,,,,,,,,,,,,,,,,,,,,,,,,,,,,,,,,,,,,,,,,,,,,,,,,,,,,,,,,,,,,,,,,,,,,,,,,,,,,,,,,,,,,,,,,,,,,,,,,,,0.0
2022-10-21 06:00:00,0.0,,,,,,,,,,,,,,,,,,,,,,,,,,,,,,,,,,,,,,,,,,,,,,,,,,,,,,,,,,,,,,,,,,,,,,,,,,,,,,,,,,,,,,,,,,,,,,,,,,,,,,,,,,,,,,,,,,,,,,,,,,,,,,,,,,,,,,,,,,,,,,,,,,,,,,,,,,,,,,,,,,,,,,,,0.0
2022-10-21 07:00:00,8.713823,,0.3760209,0.4883959,0.0,0.2369792,0.3860209,0.5568541,0.2829792,0.3258125,0.4796042,0.0,0.3935417,0.2761875,0.5636042,0.2634792,0.3554167,0.3809167,0.2991875,0.3609167,0.1685833,0.2774167,0.3378958,0.2850834,0.324125,0.29725,0.3331251,0.3552293,0.2975,0.3217708,0.2477083,0.219375,0.3154584,0.2243125,0.3099792,0.2163958,0.1923541,0.2738125,,0.2299375,0.1941042,0.2063958,0.1914583,0.3059583,0.4433958,0.22725,0.2053333,0.4822291,0.1428333,0.4589999,0.2234792,0.4575208,0.2803125,0.1564792,0.5088958,0.367,0.200625,0.262875,0.3067291,0.1572292,0.3537501,0.3421041,0.3180625,0.54375,0.2738125,0.2661875,0.252375,,0.3469167,0.2719583,0.2985,0.2248958,0.3240208,0.2312708,0.29275,0.5215624,0.4361874,0.3113333,0.3855,0.4128126,0.4176251,0.4083957,0.5796041,0.6224374,0.3729167,0.4423125,0.4117708,0.3697917,,0.3184374,0.4513126,,0.4082291,0.3520625,0.3874791,0.462125,0.4737292,0.2090833,0.2875834,0.4111874,0.3991041,0.4400625,0.4438333,0.4632709,0.4926874,0.3799584,0.4592918,0.435125,0.4158541,0.3887501,0.4264793,0.1506667,0.4643332,0.25125,0.3665208,0.3189375,0.3318958,0.5115417,0.3961459,0.3156667,0.483,0.3619167,0.4517501,0.3224375,0.2598333,0.3549374,0.4483541,0.3604999,0.28275,0.4570209,0.2462709,0.421875,0.6321666,0.3827708,0.4629791,0.4636042,0.4059167,0.4274792,0.4354583,0.2348958,0.3531457,0.3303958,0.3090417,0.34125,0.3553542,0.2053542,0.4668542,0.3083958,0.2588542,0.3618334,0.4178334,0.3703125,0.4306667,0.3913333,0.5601875,0.4697291,0.5612082,0.520875,0.4070832,0.4587918,0.3037083,0.3619792,0.4253333,0.4080417,0.3830208,0.4211666,0.2559792,,57.011187099999994
2022-10-21 08:00:00,177.765,,6.042349,6.058265,11.521325312500002,9.068259,10.0535,9.62427,9.723786,9.349663,10.92543,11.521325312500002,10.2973,7.216602,10.57623,6.535408,5.757816,9.65409,5.663405,10.28133,4.88562,8.877135,4.786327,3.672997,9.309647,3.746036,8.732989,3.51803,2.338848,8.758291,1.941217,2.08793,7.863606,2.000924,6.720257,1.895666,4.951427,2.326905,,2.812745,4.496498,3.403079,4.589314,4.185328,4.547388,8.513913,4.260237,8.031277,3.350087,3.098309,5.432636,2.52106,2.575327,3.526346,6.766845,5.737866,5.797406,7.624798,6.236026,8.417792,5.512432,5.382205,10.73114,6.56505,8.207508,7.185171,7.55036,,8.600492,9.100548,9.777837,7.559788,9.941371,8.075064,10.2027,12.11722,11.44401,11.62099,11.84511,11.30145,11.51496,11.2291,12.35043,12.177,11.43599,10.83078,11.47368,11.26533,,11.43325,11.62057,,11.09853,10.57565,11.51556,11.36425,11.49646,10.55124,10.91638,11.11106,11.58887,10.79014,11.39111,10.76796,11.61769,10.92032,11.28241,11.32333,11.10736,10.33773,11.26174,9.709509,11.1964,10.44606,11.3902,10.45967,10.17018,10.92942,11.04962,10.33623,11.32157,10.89485,11.20188,10.54756,10.57556,9.792806,9.163341,10.27778,10.88242,11.00824,10.45262,9.939116,11.48744,10.69028,11.06934,10.46507,10.50583,11.34343,11.33453,10.37838,11.04089,10.85991,10.87245,10.4248,11.45553,9.81205,11.19092,10.05347,10.67535,10.57292,8.010881,10.5835,11.71102,10.47332,11.72059,10.06121,11.00181,11.03252,11.24759,10.83723,10.86419,9.849201,11.19343,10.50497,10.28421,10.63548,9.915912,11.521325312500002,1449.1824946250001
2022-10-21 09:00:00,494.0592,,,,,,,,,,,,,,,,,,,,,,,,,,,,,,,,,,,,,,,,,,,,,,,,,,,,,,,,,,,,,,,,,,,,,,,,,,,,,,,,,,,,,,,,,,,,,,,,,,,,,,,,,,,,,,,,,,,,,,,,,,,,,,,,,,,,,,,,,,,,,,,,,,,,,,,,,,,,,,,,,,,,,,,,0.0
2022-10-21 10:00:00,640.7333,,30.55892,30.04742,30.12339,30.05914,30.04333,29.56053,30.0415,29.89664,30.25053,29.89753,30.24797,29.80972,29.81103,29.69006,29.41608,28.03267,27.536,30.04614,29.6775,27.83914,30.05589,28.32542,29.70239,26.63056,29.7,29.54342,28.67475,29.73867,28.11081,26.59264,29.763,24.05203,29.27433,26.25205,25.67786,24.80719,,26.08578,23.10614,27.97136,22.60753,27.80492,27.20925,29.491,27.79989,25.05936,28.4748,26.34414,25.26017,26.30567,26.86658,27.92414,24.66528,29.35653,28.70308,26.35272,27.17633,26.16481,26.82125,28.39714,25.97856,29.85236,26.06733,30.26197,25.89511,,26.461,30.9785,30.98464,23.63908,30.04814,25.40586,30.57617,29.49453,29.97942,29.23064,29.44378,29.67606,29.649,29.95719,29.99261,30.37261,29.68856,29.77028,29.65272,29.72878,,29.86225,29.64178,,28.7235,29.25603,29.10194,29.60439,29.11092,29.38681,29.19428,29.33811,29.11633,29.32197,29.25575,29.34306,29.49989,29.53706,30.01933,29.45842,29.27822,29.22586,29.48939,29.21517,29.28595,29.22406,29.49436,29.47792,27.66745,29.18067,29.41842,29.23175,29.44303,29.53622,29.53389,29.3872,29.26303,28.33753,23.15489,29.14511,29.6517,29.81111,29.55444,29.0345,29.55986,29.70703,29.45064,29.26559,29.22461,29.67256,30.00836,29.56675,29.70369,29.59683,29.32897,28.94597,29.7003,29.48258,29.36697,27.76342,29.4325,28.89645,29.61522,29.42269,30.34775,30.12603,29.74858,27.37808,27.80825,30.04069,29.54756,30.01341,29.54742,28.95867,29.19381,29.33628,27.29133,29.56345,27.14614,30.117938484848484,4626.791150000001
2022-10-21 11:00:00,743.0579,,49.45948,48.77633,48.76958,49.09562,48.77727,48.16323,48.73606,47.14584,48.85881,48.51429,48.93264,48.46065,48.20596,48.34704,47.96994,45.81223,39.01575,48.93425,48.77546,45.88419,48.89814,48.54,48.54356,48.0965,48.61342,48.32782,47.20954,48.79831,47.23323,45.59498,48.8001,44.43705,48.13992,45.61433,42.63777,44.55144,,44.43768,38.25808,46.65777,37.66681,45.88527,44.81796,48.1105,46.9016,41.61863,46.80206,46.05494,41.1964,45.05729,46.05292,45.37335,41.23904,47.38642,47.23359,42.60064,47.57436,42.00348,44.70169,47.288,41.76896,47.42406,42.09844,48.26117,41.84665,,42.51827,49.10642,48.99321,38.21435,48.0456,40.94067,48.49394,47.7374,48.27825,47.94379,48.0536,48.1301,48.19256,48.39035,48.62679,48.17417,48.31921,48.0775,48.17581,48.00579,,47.56498,47.97052,,47.53355,47.87787,47.74823,48.20187,47.21862,47.92221,47.8834,47.50415,47.63786,47.52954,47.68565,47.91111,48.23952,48.17762,48.59489,48.3664,48.04446,48.27921,48.04579,48.00244,47.96842,48.25527,47.98052,48.16796,45.19004,47.49927,47.77335,48.03915,47.26754,47.84427,48.36108,48.01198,48.13412,47.59555,37.00373,47.68093,48.33471,48.24175,48.27373,48.50579,47.84831,47.93994,47.81781,47.29171,48.51641,48.48106,48.76136,48.21138,48.46073,48.15263,48.20285,48.57975,48.49985,47.94627,47.75421,45.4626,48.23904,48.38271,39.36948,47.58877,48.94461,48.77383,48.40511,45.69073,45.94823,48.36523,48.39346,48.67827,48.31846,48.20917,48.0416,47.88692,45.5825,48.07254,45.71507,48.73639030303031,7566.00792
2022-10-21 12:00:00,566.3679,,36.4945,35.89173,35.86536,36.23533,35.99619,35.64171,36.02869,35.61486,36.17465,35.84323,36.27504,35.83871,35.77552,35.58565,35.38581,33.84866,28.94621,36.41031,35.97506,34.08485,36.20052,36.00962,36.0935,36.02202,36.18613,36.11142,35.43481,36.31187,35.41844,34.44316,36.19881,33.57373,35.74275,34.16336,31.84245,33.93663,,33.25111,28.7641,34.66981,28.27396,34.22237,33.45684,35.806,34.83054,31.29181,34.6615,34.42307,31.12092,35.48339,34.61848,33.98204,31.07857,35.48735,35.1526,31.82364,36.37315,31.604,35.61694,35.36531,31.39294,35.68875,31.69225,36.10384,31.56306,,32.35169,36.95554,36.92542,29.132,35.99554,31.08291,36.59629,36.14629,36.27571,35.83215,36.02485,36.14515,36.07714,36.39221,36.55838,36.48125,36.23748,36.12667,36.1361,36.04396,25.73166,35.89692,35.88861,,35.52885,35.60709,35.87148,36.01217,35.55391,35.71061,35.95256,35.36406,35.85577,35.55217,35.85094,35.78667,36.26865,35.96415,36.50575,36.29944,35.96692,36.22171,36.07642,35.92152,36.01127,35.97475,36.04867,36.05056,33.89985,35.47712,35.87012,35.69365,35.68412,35.8284,36.11994,35.78429,36.03082,35.52996,26.61029,35.65117,36.22033,36.03431,36.15144,36.21779,35.94398,35.77381,35.6109,35.40104,36.19771,36.39629,36.70148,35.93194,36.297,35.8354,36.1846,36.44858,36.41425,35.65029,35.86129,33.67958,36.28135,36.1489,29.24171,35.411,37.06817,36.53725,36.41377,34.24671,34.63485,36.21577,36.48881,36.33348,36.33896,36.29398,36.16016,35.80456,34.32796,35.80508,34.41581,36.43240969696971,5689.68966
2022-10-21 13:00:00,352.7746,,22.3429,22.06836,22.04673,22.23808,22.18531,22.10875,22.26435,21.95823,22.45925,22.10837,22.61366,22.2111,22.44061,22.00381,21.81292,20.80446,17.63633,22.76892,22.3235,21.02138,22.46225,22.39617,22.53665,22.40923,22.58625,22.52065,21.98452,22.58481,21.84723,21.11839,22.64319,20.70829,22.15831,21.02184,19.32186,20.85529,,20.39296,17.31894,21.24836,16.88887,20.87896,20.6135,22.0235,21.29638,18.93065,21.04258,21.17285,18.60861,21.83477,21.30423,20.74546,18.93435,21.75063,21.76661,19.26581,22.46381,19.1405,21.75058,22.06579,18.9406,21.85956,19.21585,22.03198,19.0864,,19.53067,22.59675,22.5014,17.53483,22.02813,18.48323,22.13369,22.64658,22.53719,22.30992,22.094,22.4615,22.30187,22.67008,22.86998,22.96423,22.47227,22.36427,22.40698,22.2129,22.58,22.34521,22.22104,,21.77262,21.92463,22.57563,22.1675,22.0069,22.04704,22.24014,21.71392,22.14731,21.94079,22.05715,22.09769,22.16108,22.26394,22.67608,22.53227,22.26616,22.21735,22.07965,21.93856,22.11558,22.21002,22.28811,22.17043,20.74598,21.37894,22.25625,22.07927,21.93113,22.05444,21.86719,21.61209,22.13725,21.82294,17.50538,21.86221,22.02594,22.18184,22.33733,22.26019,22.475,21.98458,22.0854,22.00258,22.04063,22.22525,22.36838,21.82729,22.13804,21.87827,21.68996,21.97142,22.29608,21.43504,22.12656,20.41709,21.7156,22.13362,17.71756,21.94383,22.63736,22.21898,22.2371,20.64485,20.84802,22.316,22.12398,22.28461,21.95142,21.86806,21.92637,21.92352,20.69662,21.90504,20.51233,22.542712424242424,3501.64712
2022-10-21 14:00:00,351.8438,,22.31877,21.92821,21.91321,22.04896,22.00662,21.92544,22.00698,22.07683,22.14252,22.35133,22.12052,22.42583,21.95267,22.23217,22.06579,20.25554,17.78546,22.16252,22.52879,20.45458,22.72017,22.5155,21.92933,22.5351,22.06407,22.6575,22.02912,22.22344,21.85513,21.03354,22.09369,20.59435,21.85415,20.89217,19.12773,20.5154,,20.13808,17.1691,21.06729,16.7791,20.68277,20.41104,21.8135,21.08275,18.82094,20.91192,20.97018,18.55183,21.68417,21.06206,20.67077,18.69569,21.76171,21.50666,19.33056,22.56516,19.13525,21.91998,21.90775,18.96952,22.073,19.25694,22.2802,19.13891,,19.62477,22.93544,22.88023,17.62998,22.34619,18.48408,22.47086,22.37188,22.15898,21.73673,21.80096,21.96508,21.88914,22.28792,22.34039,22.45648,22.11292,22.04637,22.14433,21.97137,22.15742,21.99894,22.036,,21.30056,21.55487,21.57138,21.78321,21.62888,21.69806,21.64238,21.42281,21.47985,21.44694,21.56204,21.79854,21.82029,21.91652,22.30392,21.76042,21.635,21.71959,21.63658,21.45806,21.6195,21.62408,21.60914,21.68598,20.06202,21.37082,21.54877,21.54429,21.64561,21.60825,21.51127,21.49227,21.35069,21.29973,17.361,21.45192,21.68492,21.78264,21.62556,21.82961,21.81529,21.6716,21.41662,21.53652,21.89798,21.60267,21.63977,21.57548,21.41606,21.59175,21.30254,21.80535,21.5136,21.34858,21.36381,19.92502,21.33448,21.70548,18.16814,21.2934,22.044,22.0106,21.77223,20.20025,20.19692,21.93514,21.3971,21.88338,21.37225,21.44921,21.18258,21.39579,19.96515,21.33542,20.15688,22.33696545454545,3454.6154300000003
2022-10-21 15:00:00,302.4682,,19.50577,19.17006,19.15706,19.27834,19.24621,19.17015,19.24902,19.23615,19.37731,19.37431,19.35121,19.50877,19.1954,19.35123,19.18769,17.83558,15.55756,19.46419,19.64969,18.01677,19.83685,19.66385,19.27648,19.67031,19.39775,19.84754,19.25735,19.43554,19.06098,18.45417,19.37062,17.96444,19.12016,18.30312,16.7654,17.98623,,17.55475,14.95871,18.39917,14.65236,18.10796,17.6964,19.03563,18.36448,16.42698,18.28231,18.17323,16.12184,18.747,18.28621,17.83496,16.20881,18.83767,18.52994,16.49923,19.54579,16.37871,18.94336,18.75334,16.31729,18.97183,16.50875,19.11012,16.41498,,16.88137,19.58202,19.52062,15.23471,19.1886,15.99927,19.31508,19.14119,18.96927,18.85092,18.91363,18.90952,18.97873,19.16279,19.3836,19.31237,19.08725,19.03927,19.05727,18.95461,19.0519,18.87098,18.84687,,18.62154,18.75536,18.83281,19.0391,18.88206,18.83039,18.89609,18.578,18.70436,18.61877,18.81258,18.89767,19.04971,18.97931,19.32181,19.04754,18.86323,19.0249,18.8626,18.76333,18.9386,18.91619,18.85062,18.96144,17.53719,18.67075,18.84488,18.825,18.85677,18.8245,18.7471,18.65433,18.6674,18.53285,15.13077,18.57865,18.89096,18.84916,18.8355,19.03917,19.02952,18.77979,18.68775,18.65735,19.11381,18.81839,19.0175,18.5994,18.79602,18.67608,18.629,18.97802,18.8956,18.63119,18.71467,17.55483,18.6189,18.84021,18.60377,18.77769,19.31798,19.02685,18.88857,17.6619,17.78534,19.08225,18.81413,19.10877,18.55908,18.65025,18.63089,18.79448,17.61229,18.85002,17.52202,19.40574545454545,3008.46421
2022-10-21 16:00:00,130.0851,,7.923916,7.806625,7.795896,7.806917,7.855354,7.910791,7.842479,7.785646,7.960042,7.839521,7.87925,7.953021,7.968146,7.792167,7.7135,7.263333,6.318833,8.017125,7.883292,7.340813,8.021021,7.917438,7.870292,8.00525,7.936271,8.143958,7.920708,7.932729,7.742792,7.438813,7.938292,7.36925,7.800042,7.572083,6.789,7.402187,,7.252604,6.048229,7.452105,5.886604,7.432375,7.422667,7.701583,7.507458,6.771646,7.350646,7.595812,6.475417,7.821562,7.502104,7.25375,6.856708,7.724521,7.605583,6.714646,8.092813,6.729396,7.756834,7.738334,6.618208,7.906896,6.797896,7.792666,6.687375,,6.995396,7.979458,7.942,6.179166,7.833062,6.43,7.827479,7.998083,7.879188,7.735583,7.738833,7.758958,7.765021,7.907521,8.1065,8.109229,7.839708,7.813438,7.898187,7.742709,7.888063,7.766479,7.734667,,7.557729,7.657312,7.684,7.898479,7.641771,7.662958,7.747313,7.546521,7.642979,7.610271,7.727084,7.779375,7.860291,7.753562,7.948875,7.816083,7.749333,7.8255,7.709792,7.546292,7.782291,7.678042,7.675146,7.721625,7.168021,7.618813,7.633125,7.617354,7.768708,7.667083,7.759979,7.651396,7.572771,7.611646,7.149792,7.62625,7.751333,7.746812,7.632667,7.863937,7.959312,7.668125,7.595562,7.752083,7.883146,7.704833,7.789208,7.610229,7.686083,7.669437,7.621209,7.876563,7.746438,7.595333,7.716792,7.138125,7.619333,7.73475,8.00875,7.765021,7.917709,7.847063,7.819708,7.319292,7.414375,7.881937,7.6955,7.835917,7.586354,7.595375,7.576188,7.701,7.291375,7.679333,7.190854,7.958733575757576,1233.3765819999999
2022-10-21 17:00:00,24.12152,,1.510313,1.4995,1.516417,1.456271,1.528917,1.679542,1.492208,1.482563,1.547021,1.508792,1.454521,1.568042,1.679021,1.464438,1.436542,1.351771,1.319729,1.55075,1.43325,1.377354,1.523083,1.450521,1.458563,1.524083,1.494917,1.706896,1.522792,1.49375,1.407729,1.344083,1.514333,1.373125,1.482958,1.466521,1.273604,1.419646,,1.366271,1.097104,1.374313,1.057562,1.444938,1.619396,1.403958,1.432083,1.385208,1.336833,1.654812,1.167666,1.711354,1.449271,1.329896,1.530396,1.515646,1.399542,1.222458,1.708833,1.278604,1.512604,1.462333,1.183563,1.733521,1.286542,1.466833,1.223083,,1.399292,1.473458,1.453563,1.116729,1.463854,1.155396,1.410833,1.619229,1.511646,1.393896,1.384938,1.397521,1.378979,1.474938,1.661187,1.734146,1.383917,1.443437,1.465188,1.406542,1.492479,1.438063,1.346708,,1.343229,1.398062,1.383375,1.604437,1.339667,1.359917,1.425458,1.347417,1.377583,1.387583,1.430208,1.458958,1.473708,1.405313,1.507334,1.417875,1.416729,1.501562,1.400833,1.313083,1.472625,1.396729,1.382771,1.451479,1.324063,1.42925,1.333604,1.359104,1.454771,1.403062,1.439271,1.419042,1.298937,1.397021,1.566375,1.387125,1.388125,1.439312,1.289062,1.528146,1.6745,1.388875,1.328146,1.492521,1.531937,1.393333,1.45225,1.377563,1.410292,1.417938,1.390229,1.553083,1.416813,1.378813,1.437229,1.320271,1.331458,1.442625,1.715396,1.503437,1.449458,1.481854,1.471958,1.438458,1.539979,1.584604,1.411521,1.467271,1.365083,1.375167,1.355708,1.456229,1.424271,1.428729,1.365104,,232.69843600000002
2022-10-21 18:00:00,0.1073505,,0.0,0.0,0.0,0.0,0.0,0.02975,0.0,0.0,0.0,0.0,0.0,0.0,0.02616666,0.0,0.0,0.0,0.0,0.0,0.0,0.0,0.0,0.0,0.0,0.0,0.0,0.03216666,0.0,0.0,0.0,0.0,0.0,0.0,0.0,0.0,0.0,0.0,,0.0,0.0,0.0,0.0,0.0,0.041375,0.0,0.0,0.0,0.0,0.08033333,0.0,0.04375,0.0,0.0,0.051125,0.0,0.0,0.0,0.0335,0.0,0.0,0.0,0.0,0.1646723,0.0,0.0,0.0,,0.0,0.0,0.0,0.0,0.0,0.0,0.0,0.026,0.0,0.0,0.0,0.0,0.0,0.0,0.03841667,0.05233335,0.0,0.0,0.0,0.0,0.04679231,0.0,0.0,,0.0,0.0,0.0,0.03079166,0.0,0.0,0.0,0.0,0.0,0.0,0.0,0.0,0.0,0.0,0.0,0.0,0.0,0.0,0.0,0.0,0.0,0.0,0.0,0.0,0.0,0.0,0.0,0.0,0.0,0.0,0.0,0.0,0.0,0.0,0.0,0.0,0.0,0.0,0.0,0.0,0.09341667,0.0,0.0,0.0,0.0,0.0,0.0,0.0,0.0,0.0,0.0,0.0,0.0,0.0,0.0,0.0,0.0,0.0,0.1608246,0.0,0.0,0.0,0.0,0.0,0.027125,0.02533334,0.0,0.0,0.0,0.0,0.0,0.0,0.0,0.0,0.0,,1.00387255
2022-10-21 19:00:00,0.0,,,,,,,,,,,,,,,,,,,,,,,,,,,,,,,,,,,,,,,,,,,,,,,,,,,,,,,,,,,,,,,,,,,,,,,,,,,,,,,,,,,,,,,,,,,,,,,,,,,,,,,,,,,,,,,,,,,,,,,,,,,,,,,,,,,,,,,,,,,,,,,,,,,,,,,,,,,,,,,,,,,,,,,,0.0
2022-10-21 20:00:00,0.0,,,,,,,,,,,,,,,,,,,,,,,,,,,,,,,,,,,,,,,,,,,,,,,,,,,,,,,,,,,,,,,,,,,,,,,,,,,,,,,,,,,,,,,,,,,,,,,,,,,,,,,,,,,,,,,,,,,,,,,,,,,,,,,,,,,,,,,,,,,,,,,,,,,,,,,,,,,,,,,,,,,,,,,,0.0
2022-10-21 21:00:00,0.0,,,,,,,,,,,,,,,,,,,,,,,,,,,,,,,,,,,,,,,,,,,,,,,,,,,,,,,,,,,,,,,,,,,,,,,,,,,,,,,,,,,,,,,,,,,,,,,,,,,,,,,,,,,,,,,,,,,,,,,,,,,,,,,,,,,,,,,,,,,,,,,,,,,,,,,,,,,,,,,,,,,,,,,,0.0
2022-10-21 22:00:00,0.0,,,,,,,,,,,,,,,,,,,,,,,,,,,,,,,,,,,,,,,,,,,,,,,,,,,,,,,,,,,,,,,,,,,,,,,,,,,,,,,,,,,,,,,,,,,,,,,,,,,,,,,,,,,,,,,,,,,,,,,,,,,,,,,,,,,,,,,,,,,,,,,,,,,,,,,,,,,,,,,,,,,,,,,,0.0
2022-10-21 23:00:00,0.0,,,,,,,,,,,,,,,,,,,,,,,,,,,,,,,,,,,,,,,,,,,,,,,,,,,,,,,,,,,,,,,,,,,,,,,,,,,,,,,,,,,,,,,,,,,,,,,,,,,,,,,,,,,,,,,,,,,,,,,,,,,,,,,,,,,,,,,,,,,,,,,,,,,,,,,,,,,,,,,,,,,,,,,,0.0
2022-10-22 00:00:00,0.0,,,,,,,,,,,,,,,,,,,,,,,,,,,,,,,,,,,,,,,,,,,,,,,,,,,,,,,,,,,,,,,,,,,,,,,,,,,,,,,,,,,,,,,,,,,,,,,,,,,,,,,,,,,,,,,,,,,,,,,,,,,,,,,,,,,,,,,,,,,,,,,,,,,,,,,,,,,,,,,,,,,,,,,,0.0
2022-10-22 01:00:00,0.0,,,,,,,,,,,,,,,,,,,,,,,,,,,,,,,,,,,,,,,,,,,,,,,,,,,,,,,,,,,,,,,,,,,,,,,,,,,,,,,,,,,,,,,,,,,,,,,,,,,,,,,,,,,,,,,,,,,,,,,,,,,,,,,,,,,,,,,,,,,,,,,,,,,,,,,,,,,,,,,,,,,,,,,,0.0
2022-10-22 02:00:00,0.0,,,,,,,,,,,,,,,,,,,,,,,,,,,,,,,,,,,,,,,,,,,,,,,,,,,,,,,,,,,,,,,,,,,,,,,,,,,,,,,,,,,,,,,,,,,,,,,,,,,,,,,,,,,,,,,,,,,,,,,,,,,,,,,,,,,,,,,,,,,,,,,,,,,,,,,,,,,,,,,,,,,,,,,,0.0
2022-10-22 03:00:00,0.0,,,,,,,,,,,,,,,,,,,,,,,,,,,,,,,,,,,,,,,,,,,,,,,,,,,,,,,,,,,,,,,,,,,,,,,,,,,,,,,,,,,,,,,,,,,,,,,,,,,,,,,,,,,,,,,,,,,,,,,,,,,,,,,,,,,,,,,,,,,,,,,,,,,,,,,,,,,,,,,,,,,,,,,,0.0
2022-10-22 04:00:00,0.0,,,,,,,,,,,,,,,,,,,,,,,,,,,,,,,,,,,,,,,,,,,,,,,,,,,,,,,,,,,,,,,,,,,,,,,,,,,,,,,,,,,,,,,,,,,,,,,,,,,,,,,,,,,,,,,,,,,,,,,,,,,,,,,,,,,,,,,,,,,,,,,,,,,,,,,,,,,,,,,,,,,,,,,,0.0
2022-10-22 05:00:00,0.0,,,,,,,,,,,,,,,,,,,,,,,,,,,,,,,,,,,,,,,,,,,,,,,,,,,,,,,,,,,,,,,,,,,,,,,,,,,,,,,,,,,,,,,,,,,,,,,,,,,,,,,,,,,,,,,,,,,,,,,,,,,,,,,,,,,,,,,,,,,,,,,,,,,,,,,,,,,,,,,,,,,,,,,,0.0
2022-10-22 06:00:00,0.0,,,,,,,,,,,,,,,,,,,,,,,,,,,,,,,,,,,,,,,,,,,,,,,,,,,,,,,,,,,,,,,,,,,,,,,,,,,,,,,,,,,,,,,,,,,,,,,,,,,,,,,,,,,,,,,,,,,,,,,,,,,,,,,,,,,,,,,,,,,,,,,,,,,,,,,,,,,,,,,,,,,,,,,,0.0
2022-10-22 07:00:00,0.8906816,,0.0,0.0,0.0,0.0,0.0,0.0,0.0,0.0,0.0,0.0,0.0,0.0,0.0,0.0,0.0,0.0,0.0,0.0,0.0,0.0,0.0,0.0,0.0,0.0,0.0,0.0,0.0,0.0,0.0,0.0,0.0,0.0,0.0,0.0,0.0,0.0,,0.0,0.0,0.0,0.0,0.0,0.0,0.0,0.0,0.0,0.0,0.0,0.0,0.0,0.0,0.0,0.0,0.0,0.0,0.0,0.00675,0.0,0.0,0.0,0.0,0.0,0.0,0.0,0.0,,0.0,0.0,0.0,0.0,0.0,0.0,0.0,0.0,0.0,0.0,0.0,0.0,0.0,0.0,0.0,0.0,0.0,0.0,0.0,0.0,0.0,0.0,0.0,,0.0,0.0,0.0,0.0,0.0,0.0,0.0,0.0,0.0,0.0,0.0,0.0,0.0,0.0,0.0,0.0,0.0,0.0,0.0,0.0,0.0,0.0,0.0,0.0,0.0,0.0,0.0,0.0,0.0,0.0,0.0,0.0,0.0,0.0,0.0,0.0,0.0,0.0,0.0,0.0,0.0,0.0,0.0,0.0,0.0,0.0,0.0,0.0,0.0,0.0,0.0,0.0,0.0,0.0,0.0,0.0,0.0,0.0,0.0,0.0,0.0,0.0,0.0,0.0,0.0,0.0,0.0,0.0,0.0,0.0,0.0,0.0,0.0,0.0,0.0,,0.00675
2022-10-22 08:00:00,44.72374,,2.815146,2.981458,2.960583,2.565021,2.821333,3.144187,2.660729,2.743937,3.011083,2.675417,2.85375,2.686958,3.127375,2.569687,2.646333,2.670917,2.698437,2.83475,2.4115,2.516771,2.788771,2.6415,2.715063,2.763396,2.801125,2.886729,2.686625,2.758417,2.573583,2.468938,2.750229,2.433875,2.697604,2.533771,2.218958,2.553875,,2.443,1.944688,2.537937,1.929042,2.655896,2.944646,2.590521,2.523208,2.770208,2.421791,3.066354,2.184438,3.038584,2.631021,2.362354,2.845354,2.843063,2.457333,2.345938,2.761521,2.231729,2.79175,2.739979,2.721271,3.149417,2.361271,2.703417,2.338813,,2.553458,2.724,2.795187,2.011542,2.683167,2.210042,2.638541,3.100833,3.005604,2.679208,2.832479,2.847458,2.856458,2.885271,3.211479,3.357917,2.804021,2.889083,2.867542,2.814667,2.883729,2.690854,2.911479,,2.797292,2.757354,2.812521,3.002396,2.935125,2.503729,2.676479,2.84125,2.754333,2.860291,2.880375,2.853458,3.060292,2.811479,3.009917,2.941458,2.821229,2.833542,2.828271,2.423583,2.907437,2.566896,2.725229,2.657187,2.547333,2.98752,2.753917,2.720334,2.8805,2.759104,2.806062,2.658021,2.483125,2.700688,2.811396,2.692667,2.643167,2.927063,2.545271,2.841667,3.263646,2.767542,2.874792,2.9265,2.864187,2.778771,2.812291,2.491812,2.672667,2.65125,2.582604,2.717625,2.672,2.455292,2.848417,2.458729,2.47025,2.746625,2.189271,2.710479,2.837562,2.801396,2.931125,2.726729,2.835063,2.969042,2.739187,2.88725,2.553166,2.710459,2.746854,2.686833,2.498396,2.774188,2.360042,,440.28739400000006
2022-10-22 09:00:00,190.0429,,14.50152,14.77506,14.77904,14.54494,14.70571,14.70773,14.36527,14.14221,14.93575,13.97183,14.68746,13.87396,14.65271,12.75023,12.65963,13.52996,13.03842,14.25169,12.71813,12.88769,13.19285,12.76571,14.0786,11.92377,13.97869,12.27452,12.28508,14.10106,11.62112,11.10842,14.16498,10.60208,13.95892,10.77065,12.02127,10.97308,,11.04767,10.73387,12.45102,10.34106,12.23804,11.99467,13.77483,11.39365,12.29127,10.95837,11.90352,11.49225,12.01706,11.54952,12.30758,11.99687,13.30829,11.82275,12.47733,11.99856,11.99215,12.56917,12.24929,12.03533,13.88939,12.10512,13.60269,12.00742,,11.98965,13.81302,13.75344,10.49108,13.54635,11.32654,13.25483,15.0399,14.60804,14.96475,15.14477,14.58623,15.17419,14.88885,15.54208,15.05188,15.05356,14.74092,15.00319,14.59352,14.97796,14.32377,14.87648,,14.80502,14.71038,14.84548,14.74737,15.36098,14.60583,15.1496,14.66658,15.05175,14.43217,15.24438,14.75163,15.43116,14.72369,15.05565,14.93833,14.68421,14.64425,14.81773,14.29871,14.83817,14.4114,14.91881,14.64558,13.97479,14.85185,14.76217,14.56358,15.37079,14.83396,14.77154,14.62139,14.5831,14.16831,12.07323,14.48125,14.71879,14.90585,14.57273,14.58333,15.32942,14.47075,15.07877,14.32844,14.78417,14.86202,15.13952,14.22637,14.82554,14.46923,14.74898,14.39758,14.83283,14.34594,14.83371,13.66044,14.64331,14.46217,12.32258,14.6791,15.36329,14.92058,14.95319,13.61133,14.25004,14.85535,14.86979,14.76404,14.51956,14.3204,14.67473,14.35948,13.64138,14.58062,13.34121,15.065149090909092,2240.67486
2022-10-22 10:00:00,638.4091,,45.87287,45.87775,45.66988,45.9839,45.684,44.76233,45.00102,45.89352,45.231,46.02439,45.2486,45.99087,44.72531,45.39433,44.58025,43.19035,42.93616,45.5429,44.28661,43.52509,44.79321,42.14348,45.4016,40.55667,45.66431,44.30658,43.15636,45.28291,41.84156,39.52331,46.13385,37.4225,45.49019,40.19552,40.81402,37.84452,,40.36152,36.40237,44.13437,35.57529,43.51696,42.02333,45.59985,42.193,40.26154,42.63383,40.03715,39.7049,40.27237,41.23494,42.16256,39.13473,43.49963,41.84556,40.84217,40.11942,40.29984,39.05465,40.55094,39.84506,43.32458,40.47421,44.14806,40.46727,,40.41821,44.98298,45.22681,36.39327,43.80573,39.32359,45.29498,46.14336,46.69283,46.60152,46.72786,46.53038,46.61211,46.6006,46.99281,46.25827,46.52923,46.3376,46.22314,46.16861,46.38679,45.91221,46.26133,,46.20998,46.1741,46.43635,46.88454,45.3959,45.83352,46.33233,45.75306,46.36644,46.38792,46.16571,45.95423,46.44756,46.00802,46.85646,47.14735,46.84058,46.37117,46.96873,45.99948,46.94144,45.79931,46.61258,46.29696,44.53429,46.02667,46.55296,46.241,45.02533,46.0414,47.08879,46.16573,47.08248,45.6246,46.77029,45.9314,47.21886,46.39396,47.02227,45.70362,46.66921,45.96621,46.95446,45.14437,45.9575,47.85552,47.64031,45.85183,47.28114,45.88914,47.62627,46.39871,47.37833,45.56321,46.9925,43.78565,47.37725,46.2195,48.01081,45.27267,47.66515,46.55169,47.85456,44.56511,45.50467,45.61825,47.09423,45.91481,47.27602,46.21152,46.93154,45.60871,44.75058,45.88496,44.11692,47.09907272727274,7243.126719999998
2022-10-22 11:00:00,780.9974,,46.25017,46.17121,46.02606,46.30011,46.53796,45.47533,46.8086,46.59856,46.7279,46.87257,47.02383,46.994,46.00243,46.925,46.83817,46.14014,47.10711,47.08483,46.95121,46.44659,47.26966,47.0873,47.04729,47.00367,47.25675,47.34113,46.95204,47.45563,47.15448,46.56788,47.82082,46.50808,47.4489,46.85464,45.72931,46.3809,,46.27391,42.40979,46.94367,42.36198,47.07037,46.40939,47.5385,47.36956,45.4724,48.11081,47.02119,45.70375,46.63279,47.99569,47.55212,45.23404,48.27763,48.01512,45.28621,48.26091,45.72256,47.65358,48.51662,43.3589,48.18985,45.44385,49.3414,45.56869,,46.22871,49.86556,49.94806,43.22467,49.93175,45.9435,49.48291,47.10054,48.29252,46.86275,46.97331,47.39206,47.20435,47.458,47.50656,46.78959,47.31425,47.29296,47.29394,47.27842,47.37109,47.10825,47.52364,,46.61771,46.85952,46.8711,47.62208,45.67039,46.83673,46.97018,46.70588,46.93764,47.04367,46.79904,47.00835,47.37827,47.07623,47.33913,47.16508,46.49466,47.61425,46.55206,47.02623,47.02621,47.35917,46.39014,47.26331,45.54723,46.96889,46.61148,47.03333,45.7301,47.15704,46.52321,47.25565,46.70562,46.81708,46.82017,46.88744,46.33913,47.03525,46.78171,47.32675,45.03642,46.807,46.05475,45.99431,47.24573,45.47271,46.06106,46.32711,45.81915,46.19979,45.75846,46.88552,45.96273,46.0514,44.57756,45.32615,46.32336,46.93137,46.23483,45.83673,45.30389,45.5234,45.09169,45.07056,44.10904,44.53788,45.12925,45.51711,45.1345,46.1145,44.73859,45.3946,44.06923,45.73508,45.65292,47.98831272727273,7550.47842
2022-10-22 12:00:00,966.6451,,52.59598,52.45542,52.57647,53.65925,53.19192,51.49448,53.3284,53.56902,53.62075,53.88531,53.21175,54.15889,52.50627,54.08967,53.90113,52.97715,52.9669,53.40079,53.51075,52.94292,53.79833,53.45404,53.35296,53.59781,53.198,53.65867,53.23112,53.14034,52.94812,52.80014,53.70195,52.73719,53.07825,53.03081,52.314,52.25108,,52.64525,49.42194,52.80529,49.68613,52.44873,51.38917,53.20769,52.30479,51.53329,52.58869,51.05173,52.10277,51.45988,51.54507,51.83109,50.78881,52.1956,51.57761,50.65092,52.17471,50.61768,52.06396,51.52692,46.65927,51.4664,50.45008,52.30825,50.319,,50.56086,52.45502,52.48986,47.90467,52.08008,50.36558,52.16525,51.26892,51.56404,51.89177,51.78031,52.21638,51.83815,52.09896,52.2125,51.62306,52.13036,51.46217,52.28327,51.35552,52.13829,50.70835,52.00715,,52.22617,52.12219,52.23427,52.72436,50.61517,51.86304,52.10023,51.87009,52.13904,52.22327,51.91148,51.94825,52.19059,51.82389,52.30046,52.72071,52.58971,52.86442,52.44242,52.48198,52.76958,52.36263,52.33602,52.48871,52.03325,52.23731,52.06083,52.35839,50.8176,52.45229,53.58648,52.64021,53.61002,52.78562,53.30387,52.46896,52.63025,52.81173,52.73554,52.93666,51.17402,52.68175,52.41971,51.92706,52.45902,53.68223,54.18787,53.49815,54.10108,53.42704,53.86756,52.74423,53.99195,52.83969,52.94975,52.56667,53.8996,52.80144,53.71902,52.21016,54.07681,53.80856,53.50025,52.81798,53.90313,53.27033,54.25683,53.83498,53.79,52.83458,54.36877,53.71246,54.12835,53.70691,52.22118,53.829773939393945,8499.95408
2022-10-22 13:00:00,998.2256,,56.51571,56.30489,56.07034,56.86612,56.24146,55.14231,55.95696,55.45521,55.884,55.15969,55.26567,55.23014,54.32508,55.03858,54.83,54.61998,54.57919,55.23325,55.09931,54.25629,55.21381,55.02518,55.02896,54.90177,54.74669,55.19223,54.44714,54.62254,54.12838,54.17906,55.39719,53.53142,54.21283,53.67358,53.26508,53.5895,,53.50113,50.15577,53.86013,50.78038,53.6825,53.01221,54.20362,54.31408,52.47527,54.44277,53.33896,53.51352,53.54166,53.76334,53.87388,52.72754,54.38304,53.74406,53.23283,54.49604,53.36829,54.29706,53.69492,49.15541,53.18744,53.12973,53.81975,52.96958,,53.32862,53.85925,53.61654,50.40015,52.92242,52.9355,53.26696,54.42218,54.24667,54.84575,54.79829,54.41869,54.95154,54.63908,55.73809,54.05296,54.97794,54.60123,54.73271,54.76656,54.53632,53.91233,54.82398,,55.06414,54.45233,54.64915,54.13802,53.46744,54.60473,55.73391,54.58764,55.45721,54.22498,54.98075,54.93341,55.32544,54.35137,54.51992,56.38977,55.23327,55.04916,55.37439,55.02902,55.58,54.34558,55.74965,54.58775,55.42314,55.01058,55.3834,54.5864,53.67323,55.09746,57.06629,55.4965,56.01096,55.67527,57.10004,55.79525,56.70056,55.39983,56.35292,55.40288,55.14475,55.55402,55.87304,54.77039,54.94325,56.47604,57.09323,56.55552,56.60978,56.5559,56.93667,56.10786,57.20591,55.97198,56.2674,55.77569,56.40219,56.13796,57.14562,55.30686,57.0074,56.43919,56.26604,55.9736,56.77184,55.57858,57.15198,56.52935,56.60896,56.18685,57.19313,56.609,57.00496,56.611,56.13264,56.64958545454545,8893.590530000001
2022-10-22 14:00:00,866.2703,,52.72421,52.25319,51.95148,52.64946,52.09504,50.83675,51.8259,51.46592,51.82677,51.71204,51.48869,51.98792,50.68018,51.78238,51.55125,49.99086,51.84402,51.16248,51.46696,49.60992,51.659,50.92421,50.76125,51.31156,51.02314,51.42054,50.9343,51.35019,50.74895,50.266,51.45717,50.10337,51.22477,50.6475,48.89352,49.63167,,49.92494,45.33798,50.95729,45.15913,50.27816,49.7561,51.13816,51.1041,48.41654,51.16415,50.43979,49.05965,51.0615,50.77436,50.89952,48.17246,51.61814,51.1101,48.21029,52.28643,48.52185,51.70425,51.3754,45.98192,51.00725,47.86325,51.80577,47.63148,,48.85208,51.98125,51.77092,45.06142,51.91656,47.62108,51.83937,50.52942,51.21867,50.91546,50.96336,50.95992,50.88412,51.12379,51.30717,50.14104,50.88458,50.93658,50.91665,50.80367,51.00864,50.31798,50.75179,,51.0194,49.50161,51.03344,51.15325,49.86606,50.79068,50.78856,50.36381,50.76631,50.64473,50.54786,50.45854,51.0114,50.18925,51.22952,51.64729,51.43194,51.26967,51.37494,51.00252,51.55,51.19473,51.00533,51.00725,49.64848,50.48267,51.05696,50.76223,49.71431,50.31762,51.8289,51.36877,51.90698,51.23388,52.12867,51.19223,51.84946,51.57858,51.68415,51.57844,50.51985,51.0754,51.01904,50.05561,51.3301,51.99504,52.28011,51.81217,51.85912,51.87787,52.22554,51.58596,51.64273,51.44667,50.42504,50.32992,52.09518,51.52525,51.81811,50.61294,51.94492,52.10827,52.29567,50.04888,50.69563,51.10104,51.68825,52.18558,52.23352,51.05025,51.32627,51.99679,50.38108,52.1146,50.33219,52.04678393939394,8236.94305
2022-10-22 15:00:00,708.9778,,43.86802,43.59173,43.34341,43.87644,43.46796,42.64998,43.48017,43.67331,43.32775,44.08721,43.48815,44.31296,42.90631,44.03998,43.77898,41.61089,44.43465,43.76067,44.29462,41.80233,44.40358,44.12469,43.31755,44.10844,43.35406,44.16102,43.78269,43.28329,43.59585,42.62152,43.36652,42.15411,42.84596,42.57685,39.9716,42.04185,,41.15982,36.30307,42.19475,36.12183,42.14604,40.80333,42.69377,42.1069,39.10098,42.48221,41.28098,38.79187,41.95996,41.53496,40.78694,37.70464,41.85367,41.4271,38.64308,42.34433,38.31519,41.74642,41.31371,37.02063,41.09985,38.35235,41.56119,38.34883,,38.91854,42.05487,41.83098,35.64171,41.23604,38.02198,41.38644,40.75979,41.57312,41.22569,41.12721,42.29271,41.00729,42.2145,41.55044,42.0926,41.15171,41.50844,40.94583,41.38225,40.94584,41.22943,40.67609,,41.37146,41.72019,41.78125,43.00877,37.97887,41.461,40.99629,41.10044,40.90091,42.16719,40.85631,41.3376,41.40829,41.37325,42.47002,42.81998,42.18802,42.43738,41.75019,41.79469,42.22798,42.94841,41.34333,41.6646,39.98408,41.11559,41.45458,42.83827,40.64579,41.33015,42.36811,42.64563,43.00575,42.8084,42.25733,41.98121,41.86562,42.19325,42.58538,43.17329,41.0201,41.802,41.49796,40.95034,43.124,43.26375,43.23629,42.92106,42.75373,42.67544,43.41077,43.24856,42.41438,42.23798,41.72502,40.65744,42.94091,43.31821,42.34673,41.51625,43.53698,43.5341,43.24706,41.97731,42.06805,42.58158,43.15623,43.06456,43.34312,42.93702,42.36042,42.40362,41.05631,42.35077,41.98179,43.6963390909091,6787.49569
2022-10-22 16:00:00,199.2251,,14.01454,13.64696,13.41135,13.15433,13.22908,13.26956,13.265,13.43544,13.06442,13.55704,13.30842,13.64265,13.48117,13.28217,13.20423,12.23817,13.89304,13.29492,13.52269,12.2166,13.60888,13.6866,12.92929,13.91164,13.11829,13.76319,13.46663,12.86473,13.2439,12.53694,12.73198,12.23886,12.6715,12.46342,11.03985,12.02621,,11.87348,9.606374,12.46252,9.398667,12.29271,12.01902,12.05246,12.40279,10.47952,12.06454,12.20919,10.13287,12.57756,11.86715,11.64625,10.17281,12.51004,11.84154,10.36669,12.65029,10.21169,12.38865,12.22686,10.08646,12.33814,10.31271,12.28981,10.31236,,10.67858,12.634,12.73369,9.424105,12.6539,9.864604,12.60225,11.33392,11.46436,11.12986,11.26315,11.02154,11.37123,11.51061,11.75352,11.48563,11.54283,11.69765,11.44771,11.73611,11.45681,11.3399,11.2106,,11.15402,11.36871,11.28265,11.47956,11.44394,11.6074,11.31994,11.50754,11.36698,11.06802,11.34625,11.75221,11.37148,11.7825,11.72892,11.46652,11.42946,12.03861,11.52312,11.48561,11.22771,11.85831,11.58606,11.80198,10.71017,11.75294,11.38625,11.61002,11.50998,11.77362,11.5196,12.389,11.593,12.04444,11.83254,12.07975,11.73121,12.24077,11.24637,12.33706,11.99754,12.08802,11.67581,11.83111,12.37781,12.60962,12.34404,12.63273,12.08325,12.61504,12.25256,12.85594,11.89356,12.24133,11.83996,11.35696,11.78508,12.5344,12.0654,12.12898,13.12727,13.70767,13.20744,12.45365,12.0626,13.38179,12.61181,13.29446,12.57038,13.02181,12.27102,12.4371,11.40073,12.33848,12.05235,13.394260606060609,1953.48532
2022-10-22 17:00:00,138.6174,,8.867229,8.727125,8.756063,8.620915,8.789457,8.739813,8.661937,8.925249,8.817979,9.178541,8.796375,9.324584,8.950937,9.118689,9.201436,8.084334,9.65127,8.857334,9.39523,8.219479,9.727875,9.66546,8.798812,9.766667,8.981958,10.00177,9.368543,8.818584,9.199625,8.690062,8.762501,8.309376,8.679084,8.466395,7.498313,7.86623,,7.758438,6.404168,8.366833,6.400771,8.143375,8.083418,8.233438,8.194728,7.554292,7.925249,7.92552,7.02225,8.258271,7.50575,7.355604,6.809916,8.12402,7.549626,6.97102,8.259665,6.777374,8.252959,8.01273,6.818167,8.277458,7.078334,8.17177,7.146958,,7.504645,8.408228,8.460103,6.817708,8.284165,7.226208,8.435229,8.110022,7.794645,7.745313,7.783062,7.851792,7.848688,7.968874,8.253542,8.209125,7.847938,7.752749,7.886167,7.793626,7.929417,7.753521,7.850625,,7.740687,7.84523,7.805833,8.084084,7.910853,7.7645,7.726438,7.871793,7.73123,7.654772,7.881978,7.992646,8.050562,8.009625,8.083895,8.110104,8.00925,8.213417,7.992855,7.806437,8.039708,7.947938,7.844624,7.95577,7.362562,8.126791,7.810584,7.870667,8.020146,7.969687,8.160103,8.13248,7.844291,7.871667,8.298082,7.943354,8.081563,8.33604,7.880793,8.287,8.363355,8.179416,8.078522,8.019666,8.251145,8.417145,8.449437,8.103938,8.269438,8.235312,8.18548,8.38648,8.160124,7.881437,8.217457,7.673313,7.937709,8.231771,8.521687,8.088957,8.586249,8.671083,8.700541,8.083834,8.105582,8.629583,8.382272,8.637624,8.213625,8.050188,8.272543,8.276875,7.710375,8.321999,7.644833,9.02603090909091,1321.191759
2022-10-22 18:00:00,0.716579,,0.1375833,0.1818889,0.1926944,0.1028611,0.1602778,0.2234722,0.1231389,0.1417778,0.1965278,0.145,0.12375,0.1461389,0.2389444,0.1228333,0.1441389,0.1316111,0.1929166,0.1510278,0.09877776,0.1311667,0.1720833,0.1357222,0.1121667,0.1595278,0.1450278,0.276,0.1633056,0.1295278,0.1196111,0.1135278,0.1365833,0.1248611,0.1399444,0.1419722,0.09225,0.1503889,,0.1249167,0.08180556,0.1180278,0.08241667,0.1528889,0.2526111,0.1061944,0.122005,0.2081389,0.08977778,0.2497778,0.09541668,0.2684722,0.1375833,0.0883611,0.2580833,0.1648889,0.09702776,0.09102778,0.1040833,0.09936111,0.1538055,0.14925,0.09016667,0.325436,0.1055556,0.1258889,0.1080833,,0.16975,0.1208611,0.1203333,0.08847223,0.1337222,0.14175,0.1143056,0.2047778,0.1678333,0.11075,0.1243333,0.1274167,0.1307778,0.1434445,0.2388611,0.2661945,0.1136111,0.1506111,0.1388055,0.1171944,0.1501667,0.1231944,0.1272222,,0.1275,0.1153611,0.1212778,0.1934167,0.1340833,0.08888889,0.1153611,0.1277778,0.1211389,0.1418889,0.1508889,0.1640556,0.1767222,0.1188055,0.1634445,0.1483611,0.1423333,0.1544722,0.1421667,0.0603889,0.1813056,0.1017222,0.1131389,0.1154722,0.1343333,0.17575,0.1187222,0.1039722,0.1508889,0.1210556,0.1413889,0.1283889,0.07527777,0.1272778,0.1831667,0.1216111,0.1029167,0.1541667,0.07083333,0.1581111,0.2584722,0.1240833,0.1369722,0.1699445,0.1640556,0.1364722,0.1483889,0.08980557,0.1241944,0.1235278,0.1095278,0.1415,0.1149167,0.08327777,0.1600833,0.1109167,0.07530557,0.1333611,0.2678056,0.234,0.1358611,0.1424167,0.1774722,0.1746389,0.2095555,0.2233056,0.1352778,0.1549722,0.09097223,0.1161111,0.1249167,0.1314722,0.1341389,0.1328889,0.09727778,,23.15019101
2022-10-22 19:00:00,0.0,,,,,,,,,,,,,,,,,,,,,,,,,,,,,,,,,,,,,,,,,,,,,,,,,,,,,,,,,,,,,,,,,,,,,,,,,,,,,,,,,,,,,,,,,,,,,,,,,,,,,,,,,,,,,,,,,,,,,,,,,,,,,,,,,,,,,,,,,,,,,,,,,,,,,,,,,,,,,,,,,,,,,,,,0.0
2022-10-22 20:00:00,0.0,,,,,,,,,,,,,,,,,,,,,,,,,,,,,,,,,,,,,,,,,,,,,,,,,,,,,,,,,,,,,,,,,,,,,,,,,,,,,,,,,,,,,,,,,,,,,,,,,,,,,,,,,,,,,,,,,,,,,,,,,,,,,,,,,,,,,,,,,,,,,,,,,,,,,,,,,,,,,,,,,,,,,,,,0.0
2022-10-22 21:00:00,0.0,,,,,,,,,,,,,,,,,,,,,,,,,,,,,,,,,,,,,,,,,,,,,,,,,,,,,,,,,,,,,,,,,,,,,,,,,,,,,,,,,,,,,,,,,,,,,,,,,,,,,,,,,,,,,,,,,,,,,,,,,,,,,,,,,,,,,,,,,,,,,,,,,,,,,,,,,,,,,,,,,,,,,,,,0.0
2022-10-22 22:00:00,0.0,,,,,,,,,,,,,,,,,,,,,,,,,,,,,,,,,,,,,,,,,,,,,,,,,,,,,,,,,,,,,,,,,,,,,,,,,,,,,,,,,,,,,,,,,,,,,,,,,,,,,,,,,,,,,,,,,,,,,,,,,,,,,,,,,,,,,,,,,,,,,,,,,,,,,,,,,,,,,,,,,,,,,,,,0.0
2022-10-22 23:00:00,0.0,,,,,,,,,,,,,,,,,,,,,,,,,,,,,,,,,,,,,,,,,,,,,,,,,,,,,,,,,,,,,,,,,,,,,,,,,,,,,,,,,,,,,,,,,,,,,,,,,,,,,,,,,,,,,,,,,,,,,,,,,,,,,,,,,,,,,,,,,,,,,,,,,,,,,,,,,,,,,,,,,,,,,,,,0.0
2022-10-23 00:00:00,0.0,,,,,,,,,,,,,,,,,,,,,,,,,,,,,,,,,,,,,,,,,,,,,,,,,,,,,,,,,,,,,,,,,,,,,,,,,,,,,,,,,,,,,,,,,,,,,,,,,,,,,,,,,,,,,,,,,,,,,,,,,,,,,,,,,,,,,,,,,,,,,,,,,,,,,,,,,,,,,,,,,,,,,,,,0.0
2022-10-23 01:00:00,0.0,,,,,,,,,,,,,,,,,,,,,,,,,,,,,,,,,,,,,,,,,,,,,,,,,,,,,,,,,,,,,,,,,,,,,,,,,,,,,,,,,,,,,,,,,,,,,,,,,,,,,,,,,,,,,,,,,,,,,,,,,,,,,,,,,,,,,,,,,,,,,,,,,,,,,,,,,,,,,,,,,,,,,,,,0.0
2022-10-23 02:00:00,0.0,,,,,,,,,,,,,,,,,,,,,,,,,,,,,,,,,,,,,,,,,,,,,,,,,,,,,,,,,,,,,,,,,,,,,,,,,,,,,,,,,,,,,,,,,,,,,,,,,,,,,,,,,,,,,,,,,,,,,,,,,,,,,,,,,,,,,,,,,,,,,,,,,,,,,,,,,,,,,,,,,,,,,,,,0.0
2022-10-23 03:00:00,0.0,,,,,,,,,,,,,,,,,,,,,,,,,,,,,,,,,,,,,,,,,,,,,,,,,,,,,,,,,,,,,,,,,,,,,,,,,,,,,,,,,,,,,,,,,,,,,,,,,,,,,,,,,,,,,,,,,,,,,,,,,,,,,,,,,,,,,,,,,,,,,,,,,,,,,,,,,,,,,,,,,,,,,,,,0.0
2022-10-23 04:00:00,0.0,,,,,,,,,,,,,,,,,,,,,,,,,,,,,,,,,,,,,,,,,,,,,,,,,,,,,,,,,,,,,,,,,,,,,,,,,,,,,,,,,,,,,,,,,,,,,,,,,,,,,,,,,,,,,,,,,,,,,,,,,,,,,,,,,,,,,,,,,,,,,,,,,,,,,,,,,,,,,,,,,,,,,,,,0.0
2022-10-23 05:00:00,0.0,,,,,,,,,,,,,,,,,,,,,,,,,,,,,,,,,,,,,,,,,,,,,,,,,,,,,,,,,,,,,,,,,,,,,,,,,,,,,,,,,,,,,,,,,,,,,,,,,,,,,,,,,,,,,,,,,,,,,,,,,,,,,,,,,,,,,,,,,,,,,,,,,,,,,,,,,,,,,,,,,,,,,,,,0.0
2022-10-23 06:00:00,0.0,,,,,,,,,,,,,,,,,,,,,,,,,,,,,,,,,,,,,,,,,,,,,,,,,,,,,,,,,,,,,,,,,,,,,,,,,,,,,,,,,,,,,,,,,,,,,,,,,,,,,,,,,,,,,,,,,,,,,,,,,,,,,,,,,,,,,,,,,,,,,,,,,,,,,,,,,,,,,,,,,,,,,,,,0.0
2022-10-23 07:00:00,7.318799,,0.6575556,0.6042291,0.5923959,0.3642916,0.4929999,0.6550417,0.4148959,0.5999444,0.5838958,0.4483751,0.4828541,0.4093126,0.6614999,0.3799166,0.4784167,0.4873958,0.576,0.462625,0.2867292,0.5149722,0.4549167,0.3996459,0.4517917,0.4379375,0.4593958,0.6535557,0.4338749,0.4284584,0.3815624,0.3560418,0.4415834,0.3544168,0.4215,0.3543334,0.3967222,0.4068125,,0.3563959,0.3719444,0.3470208,0.2816457,0.4453958,0.5831874,0.3308125,0.4476112,0.7784167,0.3746668,0.8074443,0.4251943,0.5789375,0.4090624,0.3828332,0.7859721,0.6605001,0.4222499,0.4781111,0.5565001,0.2535208,0.6138057,0.4494791,0.4284793,0.8723057,0.3542917,0.5176389,0.3475834,,0.4276668,0.3969583,0.4131668,0.2960625,0.4294374,0.4263057,0.4124583,0.5900418,0.7028889,0.4068959,0.600611,0.4967916,0.6414446,0.4968958,0.6528125,0.6922084,0.6059722,0.6949723,0.6366666,0.6165834,0.4973749,0.5411667,0.7100001,,0.6539168,0.6027501,0.4741668,0.5527918,0.7204722,0.4106389,0.3790001,0.6908611,0.6272779,0.5301043,0.5180001,0.5445833,0.7532222,0.6146112,0.5430001,0.5203542,0.6524445,0.6534723,0.6758057,0.3709443,0.5522501,0.4745556,0.4472918,0.4091667,0.4095834,0.8039721,0.4637707,0.4238751,0.7302222,0.4565416,0.7007501,0.5787777,0.3429168,0.6155277,0.6483334,0.4779376,0.5251111,0.540875,0.4578054,0.673889,0.6749166,0.6396667,0.7161388,0.7413889,0.4878751,0.6820557,0.6653332,0.3428542,0.5818334,0.587611,0.3925,0.5785832,0.5806946,0.4210001,0.7194722,0.5523055,0.4481668,0.6222221,0.7623333,0.4719374,0.6681668,0.6507221,0.8194166,0.7286944,0.816861,0.7940556,0.6554443,0.7431946,0.5200554,0.4502499,0.677389,0.6494724,0.5944446,0.6941388,0.4738056,,86.85885640000001
2022-10-23 08:00:00,128.4211,,8.29452,8.621041,9.180042,9.077521,9.658354,9.865438,9.840188,9.468853,10.44998,8.954916,10.19967,8.204708,10.22463,7.455187,7.264542,9.318459,7.360083,9.975124,6.63723,8.814228,6.807647,6.609334,9.589187,6.562166,9.097271,6.197104,5.66725,9.409603,5.613708,5.377958,9.23875,5.609708,8.476083,5.511417,7.257041,5.459709,,5.948562,6.454751,6.574646,6.239583,6.875313,7.244645,8.652355,6.61648,8.350541,5.948437,6.25625,7.381333,6.100333,6.067583,6.298584,7.934188,7.698499,6.999396,8.356834,7.794499,8.628061,8.132855,7.981688,9.670103,8.708041,8.767689,8.989958,8.423708,,8.790353,10.17298,10.2565,7.628688,10.23471,8.334897,10.2001,11.6366,10.99973,10.81294,11.06386,10.74214,11.2169,10.82406,11.71373,11.28454,11.22771,10.59254,11.24565,10.79656,11.2594,10.63119,11.35896,,10.74596,10.32767,10.75221,10.76771,11.00625,10.10048,10.64923,10.49692,10.83121,10.36358,11.02262,10.5369,11.19829,10.49579,11.00294,10.93163,10.77385,10.29642,10.83237,9.728125,10.93598,10.07596,10.63706,10.00202,9.828792,10.43006,10.6731,10.23067,10.90592,10.24014,10.74738,10.13942,10.15427,9.784938,10.64929,9.950605,10.4355,10.47325,10.2696,10.05892,11.01469,10.21375,10.69406,10.03763,10.36373,10.81887,10.87387,9.871251,10.6171,10.16233,10.43798,10.15592,10.55865,9.683146,10.68535,9.523667,10.20973,10.24004,10.78285,10.00879,11.19596,10.10058,11.20077,9.682272,10.54315,10.49,10.76394,10.46375,10.37698,9.943584,10.72656,10.19829,9.784668,10.47317,9.371332,11.024240909090906,1525.219743
2022-10-23 09:00:00,512.215,,37.12334,39.58296,39.47821,39.42767,39.29792,38.97915,39.12221,38.2189,39.88744,38.19048,39.77883,37.32896,39.27613,32.91179,31.37248,36.37917,31.40419,39.42477,31.79069,35.82061,32.00296,30.18167,38.73985,27.00262,38.53946,26.64567,28.24689,38.82598,27.12519,24.85606,38.938,24.30639,38.31442,24.058,33.32004,25.09641,,27.92058,29.85306,33.38211,28.82019,32.57067,29.97756,38.5541,28.41636,33.29894,25.94519,26.58783,32.79846,27.14602,27.66008,31.936,32.23035,33.90667,31.75504,34.51242,31.46631,33.95036,32.22839,31.90763,33.82519,36.29073,33.89027,39.10071,33.54721,,33.72232,39.85354,39.62175,29.65511,38.56898,32.26165,38.78152,41.00502,40.74381,40.46386,40.6534,40.27669,40.9565,40.60848,41.41833,41.06327,41.00198,40.21859,40.71804,40.19446,40.88365,39.99142,40.87019,,40.04896,39.78514,40.22921,40.19629,40.74906,39.75969,40.28956,39.65691,40.30746,39.39925,40.38656,40.06165,40.80954,40.24635,40.79052,40.65673,40.24215,39.68729,40.45606,39.41444,40.46933,39.68002,40.34006,39.86038,37.53808,39.57079,40.411,39.76992,40.33971,39.85017,40.1609,39.44756,39.74015,38.34804,40.37648,38.76537,40.32029,39.85889,40.27983,39.51283,40.52592,39.67413,40.11967,38.65183,39.95958,40.14771,40.65186,39.1786,40.05548,39.49925,39.65004,39.51244,40.13521,39.06815,39.84688,36.79113,39.64348,39.67955,40.17562,39.10879,40.81815,39.81027,40.39064,37.25896,37.70792,40.1399,40.03886,40.11923,39.69279,39.17315,39.63135,39.08079,36.84277,39.48215,36.63827,40.61449484848485,6014.719639999999
2022-10-23 10:00:00,755.0532,,56.67281,56.25329,56.21692,56.65302,56.31796,55.75962,56.39348,55.5559,56.88591,55.56264,56.88823,55.5859,56.08463,54.75563,53.57431,52.70844,50.78967,56.74879,54.60429,52.4491,55.36338,49.20285,56.19958,47.96483,56.13473,54.41867,51.82173,56.31092,50.08789,46.6916,56.49488,44.21762,55.64575,46.5385,48.56929,46.50425,,48.3796,43.55777,54.11773,42.59717,53.43736,50.06979,55.94334,50.20531,48.21109,50.55135,48.62198,47.68481,48.27077,48.26577,52.62335,46.77065,55.1151,50.52246,49.24023,49.05975,48.67685,49.32286,49.698,48.23013,55.14317,48.4879,55.89806,48.18235,,48.62681,56.76419,56.54333,43.39123,55.29913,47.01711,55.95818,56.75067,56.97588,56.46888,56.602,56.6906,56.92575,56.9966,57.47482,56.96579,57.13625,56.60735,56.88871,56.55033,57.0619,56.10054,56.91206,,55.88186,56.17871,56.14209,56.64457,55.9264,56.31594,56.30671,55.98347,56.14079,55.91904,56.21367,56.43806,56.81739,56.69289,57.21781,56.58154,56.22404,56.39946,56.43077,56.17602,56.48635,56.40371,56.35069,56.48484,52.6096,55.86527,56.28002,56.2939,55.67102,56.29034,56.27288,55.99937,56.02,54.97723,56.61552,55.52842,56.47058,56.50312,56.35408,56.37939,55.92129,56.32518,55.95194,55.2751,56.59675,56.29821,56.92127,55.92896,56.40748,56.0594,55.91863,56.21416,56.46833,55.71156,55.80896,52.3444,55.94942,56.28808,56.60292,55.46723,57.09289,56.42327,56.65462,52.7886,53.01723,56.28204,56.3871,56.61456,56.04206,55.91267,55.96162,55.43213,52.32921,55.95554,52.32977,56.81053696969696,8792.38996
2022-10-23 11:00:00,930.2936,,60.21704,60.04402,59.89029,60.78587,60.15112,59.0604,60.06213,59.81015,60.01711,59.58471,59.99167,59.71673,59.0426,59.62796,59.52823,59.7668,57.39502,60.16342,59.5451,59.10804,59.53215,59.39206,59.85112,58.8939,59.685,59.50029,59.77856,59.77485,59.80038,59.35481,60.32929,58.92564,59.82754,59.48081,56.72985,58.90502,,58.70169,51.0629,59.23796,50.49164,59.39735,57.79446,60.0875,59.11277,55.93314,59.76759,57.80192,55.65636,56.69762,58.65196,58.68742,54.66608,59.235,58.99452,57.02342,58.08023,56.27737,58.79806,58.7705,54.89708,58.23723,56.51575,59.19487,56.39159,,57.00302,59.18794,59.06046,51.41871,59.18387,55.51517,58.706,60.15612,60.43579,60.73117,60.62069,60.15546,60.77792,60.34508,61.34125,59.4274,60.87475,60.38854,60.94694,60.29963,60.90167,59.40313,60.90398,,60.69583,60.11673,60.64598,60.28131,58.82706,60.21173,61.06441,60.07348,60.80054,59.99525,60.95414,60.42104,61.36633,60.20539,60.45046,60.96011,61.03011,60.83496,61.00148,60.45335,61.06145,60.28056,60.86166,60.64517,60.50325,60.42194,60.57296,60.044,59.05656,60.59331,61.08154,60.66023,61.10873,60.42383,61.42788,60.55708,61.15781,60.60702,60.83846,60.54521,60.10992,60.43246,60.604,59.58248,60.42525,60.93012,61.01992,60.71038,61.02202,60.60907,61.16469,60.89669,61.14462,60.50094,60.13192,60.20858,61.13979,60.58077,49.97033,59.6091,60.88579,60.87623,60.89667,60.07296,60.71694,59.79638,60.96871,60.54229,61.08033,60.41652,60.9209,60.58008,60.72377,60.7224,60.18594,61.014081212121226,9650.235649999999
2022-10-23 12:00:00,1007.19,,56.4234,56.36723,56.40254,56.77863,55.88796,54.5945,55.13346,55.51494,55.00985,55.91506,54.87812,56.12719,54.2881,55.87221,55.74333,55.03354,56.2776,56.26004,56.33104,55.55742,56.59846,56.72061,56.15365,56.98341,56.83342,57.18644,57.01698,56.78923,57.05027,56.82308,57.28511,56.4934,56.54442,56.47569,55.13154,56.46904,,55.82117,50.23604,56.01221,50.75202,56.19952,54.65052,56.57602,55.76188,53.66219,56.52956,54.41043,54.35694,54.9024,55.65619,55.84936,53.67352,56.4185,55.74292,55.69998,53.11608,55.81189,56.57716,56.14956,51.87334,55.61358,55.568,56.50341,55.47194,,56.06148,56.64879,56.7155,51.28979,56.91307,55.78904,57.23681,55.01408,57.2051,55.76514,55.67,55.77831,55.57286,55.98448,55.83287,55.43762,55.33375,56.33656,55.37569,56.58342,55.31958,55.96044,55.48492,,55.38081,55.74865,55.45565,55.92461,54.04698,55.75852,56.00491,55.40183,55.51756,55.47594,55.55679,55.68956,55.78965,55.70173,56.0335,55.08773,54.91869,56.74873,55.0201,56.29388,55.17075,56.02802,55.09973,56.38277,54.74686,56.07571,54.96925,55.88081,53.99608,55.89504,54.67292,55.88019,54.50458,55.43085,55.15925,55.89064,55.05527,56.16761,54.72129,55.93344,54.46383,56.20058,54.82281,55.47567,56.36025,54.93698,54.87181,56.68354,54.61892,56.40069,55.09125,57.01118,54.65706,56.07061,53.81936,55.76946,54.62675,56.16627,31.75246,55.4094,54.38758,56.87194,54.38316,56.94644,53.8529,56.02546,54.30248,56.74591,54.74852,57.48964,54.33038,56.68864,54.46148,56.72412,56.8241,56.82807696969698,8983.065050000001
2022-10-23 13:00:00,619.4321,,38.50923,38.22609,38.40304,38.61596,38.16246,37.5645,37.72365,36.56402,38.57742,36.09987,37.81627,36.22223,36.58752,36.00729,35.94464,36.5639,36.38404,38.13302,36.27414,36.2211,36.40152,36.55283,38.25531,36.70398,37.60621,36.68146,36.53909,38.19385,36.40004,35.7965,38.51942,35.36379,37.34919,35.50121,35.00229,35.28698,,34.5795,32.18856,35.36106,32.01917,35.08106,34.60494,37.33646,35.54135,34.13837,35.5439,35.3055,34.29529,35.95252,35.83842,35.32621,33.79285,35.91123,35.96146,34.53915,36.63248,34.60544,36.18816,36.00019,32.64162,36.00033,34.13414,36.41273,33.80582,,34.25854,36.70658,36.73317,31.32673,36.43077,33.33048,37.13533,35.33096,36.3706,35.8235,35.48048,36.96,35.39746,37.13698,35.4025,37.22313,35.68073,37.00469,35.47033,36.59231,35.4416,36.31917,35.31683,,36.07061,37.01283,36.07983,37.63844,35.74281,37.29881,35.59025,37.19854,35.40208,36.49688,35.71033,36.92398,35.819,37.24198,37.1375,37.08229,37.18837,38.41465,37.33239,37.52758,37.13937,37.47369,36.26458,37.20988,34.76908,37.29439,35.82704,37.68077,36.27367,36.88558,38.06838,38.21502,37.50806,37.75952,37.55854,37.9159,37.76946,38.75917,37.30952,38.37221,37.12883,38.31006,36.43296,37.66652,38.29898,38.52763,38.66529,39.37646,37.92612,39.12567,38.27363,39.56321,37.66394,38.7176,37.5824,37.53854,38.011,38.5246,31.01721,38.45079,39.19484,40.94936,38.87625,39.67302,37.55318,40.2491,38.84827,40.50275,38.37033,40.12971,38.50125,39.87077,37.27652,39.59323,38.59154,38.957901515151505,5959.309380000001
2022-10-23 14:00:00,791.4937,,48.22677,47.67504,47.39123,47.86687,47.37171,46.53291,47.18548,46.92469,47.00338,47.10573,46.43181,47.10714,45.66448,46.68,46.52982,45.06163,46.7405,47.03463,46.39265,45.47675,46.46629,46.07365,46.37029,45.8925,46.37936,45.99519,45.67661,46.26394,45.76683,45.15611,46.73694,45.10585,45.62527,45.21221,43.18383,44.91682,,44.23279,39.34767,45.17979,39.61988,45.03054,44.22619,45.99821,45.66133,43.07346,45.92531,45.29744,43.03885,45.71804,46.47659,45.53709,42.21742,46.4055,46.39571,42.72125,46.9115,42.91114,46.2255,46.12989,40.78094,45.51825,42.74575,46.61946,42.55355,,42.96877,46.93866,46.75946,39.79706,46.35527,42.41206,46.59388,45.039,44.30286,44.45375,44.53727,43.91375,44.66277,44.07217,45.30208,43.37735,45.14427,43.92487,45.18727,43.86819,45.39415,43.21164,45.47412,,43.2066,43.62525,43.32348,43.95998,42.77813,43.7744,43.83031,43.694,43.70506,43.57708,43.80871,43.96962,44.23425,43.89329,44.33581,43.81198,43.59335,44.26731,43.3329,43.86229,43.52571,43.89496,43.13142,44.01606,41.91077,43.75806,42.96429,43.7669,42.43373,43.90662,44.23742,44.67917,43.98556,44.12598,44.33029,44.41433,43.95063,44.71669,44.03719,44.24117,42.8871,44.4584,43.12123,43.46367,44.02517,44.87944,44.65913,45.73288,44.35742,45.63167,44.38589,45.46617,44.51733,45.4065,44.06435,44.3854,44.23906,44.88469,44.63723,44.44906,45.61952,45.96735,44.99918,44.80819,44.07262,44.92016,44.74229,45.60898,45.11698,45.95465,44.21998,45.70548,43.347,45.94877,44.51652,46.79480606060605,7249.22483
2022-10-23 15:00:00,717.8207,,51.549,50.97165,50.91539,51.21729,50.99615,50.6366,51.17273,50.41265,51.20467,50.74679,51.34233,51.02291,50.63152,50.73942,50.809,47.7779,51.91504,51.41421,52.11798,48.54208,52.17058,52.2875,51.33002,52.37231,51.57281,52.45627,51.77892,51.2916,51.65154,49.98162,51.33871,48.66259,50.74125,49.42159,44.7644,48.60027,,47.4936,39.73804,50.06219,39.69807,48.90331,47.93785,49.92831,50.27835,43.95017,49.96748,49.16642,43.30877,50.29229,49.40373,47.79727,41.72244,49.81733,49.43183,42.09317,50.57742,41.86821,49.60662,49.15454,41.49815,48.74875,41.95263,49.67056,41.99498,,42.90573,50.7304,50.64037,39.23648,49.58231,42.01867,50.21994,48.10475,47.23296,47.34309,47.18233,48.11158,47.28081,48.26208,47.81696,48.06006,47.5866,47.50706,47.52893,47.19286,47.79023,46.79792,47.96679,,47.06736,47.74857,47.48202,47.98381,47.25304,48.02727,47.28146,47.62404,47.17738,47.50175,46.98402,47.81777,47.21623,47.86798,48.66913,47.33512,47.1156,47.87531,47.33287,47.63115,47.38448,47.97365,47.63819,48.00313,44.71535,47.6202,47.44658,47.58798,47.15818,47.93481,45.69048,48.24344,45.60589,47.74817,45.9771,47.72866,45.97189,48.55231,46.32737,48.87452,46.05948,48.13502,46.30952,46.96183,48.57348,44.7385,45.84815,47.86292,45.91275,48.23727,45.19269,48.0746,45.9081,48.24944,45.42469,45.28796,45.52292,48.71973,45.97106,47.6639,45.14004,47.64788,44.95719,44.65296,41.85242,47.76339,44.4664,48.05941,44.34813,47.37498,44.40517,47.01746,41.99981,47.57504,44.3235,51.243858181818176,7731.130730000001
2022-10-23 16:00:00,516.7014,,35.99598,35.5379,35.53331,35.72329,35.75204,35.6554,35.86673,36.11067,35.95075,36.97223,36.29373,37.31925,36.02448,36.87392,37.03923,33.33852,38.14652,36.49852,38.20417,34.02077,38.5396,38.61531,36.52129,38.72402,36.92646,38.79589,37.632,36.66896,37.55183,35.61677,36.53246,34.66061,36.36867,35.33806,31.73388,33.82433,,33.17109,27.93054,35.81036,27.66752,34.74865,33.69215,35.6719,35.55619,31.1711,35.03525,33.98423,30.52775,35.12879,33.97552,32.55825,28.9965,34.6689,34.10669,30.34838,35.58717,29.88225,35.10209,34.42167,30.01225,34.374,30.45054,34.93535,30.61406,,31.4464,35.76079,35.66875,29.09969,34.80071,31.03269,35.61521,35.36362,34.62181,34.94569,34.90846,34.99998,35.10109,35.33071,35.74042,35.52785,35.38577,34.96877,35.18454,34.74923,35.20285,34.65071,34.96558,,34.54258,34.58704,34.86362,35.09182,35.00912,34.84246,34.69729,34.52058,34.59377,34.28239,34.68981,34.84852,35.13232,35.03218,35.52521,35.28694,34.97433,35.09373,34.96242,34.75781,35.08189,35.09598,34.8445,35.00269,32.44842,34.59125,34.88589,34.78223,34.86884,34.67927,34.93215,34.68148,34.74413,33.76088,35.22134,34.29867,35.15973,35.19091,35.09304,35.22317,35.09421,35.23479,34.77067,34.12204,35.28485,35.07721,35.59613,34.63373,35.19641,34.74752,34.80079,34.98908,35.04885,34.49019,34.77419,32.47506,34.66304,34.69475,35.38815,34.33373,35.64111,35.14558,35.31402,32.77008,32.93329,35.21675,35.06329,35.36758,34.71062,34.51484,34.74654,34.41737,32.43152,34.59329,32.25133,36.71505242424242,5624.56101
2022-10-23 17:00:00,206.8367,,13.07721,12.47338,12.71869,12.93125,13.00152,12.87627,13.1651,13.65604,13.08558,14.28221,13.26417,14.55394,13.39498,14.3784,14.55456,12.25633,15.18412,13.58888,15.0969,12.87379,15.47906,15.55648,13.73544,15.73804,14.04079,14.10419,15.04802,13.77225,14.89527,13.95586,13.59594,13.25119,13.54881,13.33227,11.86631,12.15021,,12.08813,10.05721,13.25088,10.06923,12.66581,12.38362,12.84275,12.63017,11.60812,12.30142,11.67696,11.0185,12.24427,11.46098,10.98725,10.05123,12.26381,11.41002,10.62881,12.67306,10.22825,12.64448,12.37675,10.41296,12.44477,10.80292,12.58771,10.9795,,11.59854,13.14965,13.22198,10.98687,13.0466,11.56402,13.43231,12.2606,11.77369,11.59513,11.62167,11.90388,11.75792,12.15485,12.20023,12.22404,11.76654,11.61164,11.79358,11.84463,11.85746,11.84123,11.77044,,11.21127,11.78508,11.38954,12.04458,11.3926,11.78096,11.29842,11.73373,11.28713,11.43929,11.50467,11.97863,11.68721,11.9114,12.17617,11.77062,11.50773,12.1771,11.42569,11.89373,11.47275,12.0816,11.21173,11.77913,10.43171,11.93144,11.18408,11.92754,11.34504,11.67844,11.84294,12.04171,11.52796,11.42614,11.86525,11.73179,11.7265,12.20098,11.61219,12.25046,11.96131,11.93448,11.59069,11.65106,12.32923,12.15371,12.30879,12.07565,12.12833,12.20898,11.99285,12.32281,11.98342,11.71648,11.90754,11.50352,11.69956,12.06713,12.33739,11.95165,11.99737,12.60252,12.1235,11.57427,11.46492,12.34114,12.05596,12.50017,11.93885,11.52567,11.95498,12.19585,11.26629,12.24442,11.25067,13.952686060606059,1983.77661
2022-10-23 18:00:00,0.224413,,0.1373131,0.1498611,0.2537917,0.14775,0.1518055,0.32725,0.1247222,0.1311111,0.1666944,0.1386944,0.1075833,0.15275,0.2118055,0.1291667,0.1500278,0.1191389,0.1855,0.1428611,0.1053889,0.1252222,0.1781945,0.1404167,0.1172222,0.1779167,0.1338056,0.1315,0.1748889,0.1235278,0.1226945,0.1055,0.1341389,0.1233333,0.1371389,0.1383889,0.09413888,0.1465833,,0.1185278,0.078,0.1036944,0.06580555,0.1285278,0.2256111,0.09516668,0.1171389,0.2064167,0.08075,0.2327778,0.09166668,0.2491667,0.1282778,0.07152776,0.3622499,0.1517778,0.08797222,0.08755554,0.2547235,0.08869445,0.1424444,0.1350278,0.07791665,0.3062413,0.1049444,0.1238611,0.09558332,,0.1523333,0.10775,0.1129722,0.0888889,0.1281945,0.08744443,0.1095,0.1930278,0.16175,0.1186389,0.1019722,0.1105278,0.1165555,0.1389167,0.2353333,0.2424167,0.1028333,0.1391389,0.1286389,0.1142778,0.1351944,0.1157222,0.1103333,,0.1144722,0.1110833,0.1186111,0.1865833,0.1562917,0.08419444,0.1130833,0.1103333,0.1096944,0.1286389,0.1336667,0.1423055,0.1563889,0.1081111,0.1531111,0.1337778,0.1266389,0.1483056,0.1242778,0.05666667,0.1728889,0.09658334,0.1057222,0.1125,0.1275556,0.1608611,0.09777777,0.09238888,0.1408889,0.1013611,0.1349722,0.1180555,0.0708889,0.1101944,0.1568056,0.1167222,0.09505554,0.1240556,0.06191667,0.1536389,0.2352778,0.1030833,0.1582084,0.1521667,0.1583056,0.123,0.1323889,0.08377776,0.1163333,0.1125556,0.1044167,0.1363889,0.1135555,0.08555557,0.1414167,0.11475,0.07138888,0.1193611,0.3226816,0.1469444,0.1252778,0.1413055,0.1523333,0.1740278,0.2176111,0.2033889,0.1213333,0.1443333,0.08958332,0.1001389,0.11075,0.1299167,0.1375556,0.12925,0.1082222,,22.085889800000004
2022-10-23 19:00:00,0.0,,,,,,,,,,,,,,,,,,,,,,,,,,,,,,,,,,,,,,,,,,,,,,,,,,,,,,,,,,,,,,,,,,,,,,,,,,,,,,,,,,,,,,,,,,,,,,,,,,,,,,,,,,,,,,,,,,,,,,,,,,,,,,,,,,,,,,,,,,,,,,,,,,,,,,,,,,,,,,,,,,,,,,,,0.0
2022-10-23 20:00:00,0.0,,,,,,,,,,,,,,,,,,,,,,,,,,,,,,,,,,,,,,,,,,,,,,,,,,,,,,,,,,,,,,,,,,,,,,,,,,,,,,,,,,,,,,,,,,,,,,,,,,,,,,,,,,,,,,,,,,,,,,,,,,,,,,,,,,,,,,,,,,,,,,,,,,,,,,,,,,,,,,,,,,,,,,,,0.0
2022-10-23 21:00:00,0.0,,,,,,,,,,,,,,,,,,,,,,,,,,,,,,,,,,,,,,,,,,,,,,,,,,,,,,,,,,,,,,,,,,,,,,,,,,,,,,,,,,,,,,,,,,,,,,,,,,,,,,,,,,,,,,,,,,,,,,,,,,,,,,,,,,,,,,,,,,,,,,,,,,,,,,,,,,,,,,,,,,,,,,,,0.0
2022-10-23 22:00:00,0.0,,,,,,,,,,,,,,,,,,,,,,,,,,,,,,,,,,,,,,,,,,,,,,,,,,,,,,,,,,,,,,,,,,,,,,,,,,,,,,,,,,,,,,,,,,,,,,,,,,,,,,,,,,,,,,,,,,,,,,,,,,,,,,,,,,,,,,,,,,,,,,,,,,,,,,,,,,,,,,,,,,,,,,,,0.0
2022-10-23 23:00:00,0.0,,,,,,,,,,,,,,,,,,,,,,,,,,,,,,,,,,,,,,,,,,,,,,,,,,,,,,,,,,,,,,,,,,,,,,,,,,,,,,,,,,,,,,,,,,,,,,,,,,,,,,,,,,,,,,,,,,,,,,,,,,,,,,,,,,,,,,,,,,,,,,,,,,,,,,,,,,,,,,,,,,,,,,,,0.0
2022-10-24 00:00:00,0.0,,,,,,,,,,,,,,,,,,,,,,,,,,,,,,,,,,,,,,,,,,,,,,,,,,,,,,,,,,,,,,,,,,,,,,,,,,,,,,,,,,,,,,,,,,,,,,,,,,,,,,,,,,,,,,,,,,,,,,,,,,,,,,,,,,,,,,,,,,,,,,,,,,,,,,,,,,,,,,,,,,,,,,,,0.0
2022-10-24 01:00:00,0.0,,,,,,,,,,,,,,,,,,,,,,,,,,,,,,,,,,,,,,,,,,,,,,,,,,,,,,,,,,,,,,,,,,,,,,,,,,,,,,,,,,,,,,,,,,,,,,,,,,,,,,,,,,,,,,,,,,,,,,,,,,,,,,,,,,,,,,,,,,,,,,,,,,,,,,,,,,,,,,,,,,,,,,,,0.0
2022-10-24 02:00:00,0.0,,,,,,,,,,,,,,,,,,,,,,,,,,,,,,,,,,,,,,,,,,,,,,,,,,,,,,,,,,,,,,,,,,,,,,,,,,,,,,,,,,,,,,,,,,,,,,,,,,,,,,,,,,,,,,,,,,,,,,,,,,,,,,,,,,,,,,,,,,,,,,,,,,,,,,,,,,,,,,,,,,,,,,,,0.0
2022-10-24 03:00:00,0.0,,,,,,,,,,,,,,,,,,,,,,,,,,,,,,,,,,,,,,,,,,,,,,,,,,,,,,,,,,,,,,,,,,,,,,,,,,,,,,,,,,,,,,,,,,,,,,,,,,,,,,,,,,,,,,,,,,,,,,,,,,,,,,,,,,,,,,,,,,,,,,,,,,,,,,,,,,,,,,,,,,,,,,,,0.0
2022-10-24 04:00:00,0.0,,,,,,,,,,,,,,,,,,,,,,,,,,,,,,,,,,,,,,,,,,,,,,,,,,,,,,,,,,,,,,,,,,,,,,,,,,,,,,,,,,,,,,,,,,,,,,,,,,,,,,,,,,,,,,,,,,,,,,,,,,,,,,,,,,,,,,,,,,,,,,,,,,,,,,,,,,,,,,,,,,,,,,,,0.0
2022-10-24 05:00:00,0.0,,,,,,,,,,,,,,,,,,,,,,,,,,,,,,,,,,,,,,,,,,,,,,,,,,,,,,,,,,,,,,,,,,,,,,,,,,,,,,,,,,,,,,,,,,,,,,,,,,,,,,,,,,,,,,,,,,,,,,,,,,,,,,,,,,,,,,,,,,,,,,,,,,,,,,,,,,,,,,,,,,,,,,,,0.0
2022-10-24 06:00:00,0.04831935,,,,,,,,,,,,,,,,,,,,,,,,,,,,,,,,,,,,,,,,,,,,,,,,,,,,,,,,,,,,,,,,,,,,,,,,,,,,,,,,,,,,,,,,,,,,,,,,,,,,,,,,,,,,,,,,,,,,,,,,,,,,,,,,,,,,,,,,,,,,,,,,,,,,,,,,,,,,,,,,,,,,,,,,0.0
2022-10-24 07:00:00,4.911351,,0.2044722,0.2483889,0.2609444,0.1055625,0.1524584,0.2667222,0.1257083,0.1850833,0.2518611,0.1954722,0.2098333,0.1756111,0.2747222,0.1663333,0.2015278,0.20175,0.1831944,0.2010555,0.117,0.1624444,0.2018333,0.13475,0.1834444,0.1895,0.2000833,0.2205278,0.2007778,0.1362084,0.1779167,0.1611944,0.1836944,0.1550833,0.1754444,0.1669167,0.1241389,0.1926944,,0.1665833,0.11825,0.1688611,0.1151667,0.1993611,0.2773889,0.1493333,0.1621389,0.2544167,0.1397222,0.2147917,0.1416944,0.2620556,0.18525,0.1240833,0.2541389,0.2271389,0.1445556,0.1467222,0.1860833,0.1150278,0.2054167,0.1944722,0.1755555,0.2761945,0.1523611,0.1754444,0.1515,,0.1912222,0.1804722,0.1856944,0.1353056,0.1823333,0.1386944,0.165,0.2481389,0.2093611,0.125125,0.19075,0.2159722,0.1963889,0.2050556,0.2750833,0.2916667,0.184,0.1611875,0.1918889,0.1829444,0.2020833,0.1676111,0.1602291,,0.1941389,0.1777778,0.1923889,0.2265833,0.22075,0.1216944,0.15475,0.2130278,0.1905,0.2129167,0.2134167,0.2239444,0.2268333,0.1900278,0.167875,0.1659375,0.1953889,0.2029722,0.2013889,0.1145833,0.2238611,0.1440833,0.1815,0.1656111,0.1701111,0.2571667,0.1881389,0.1749444,0.2171111,0.1878333,0.2175278,0.1788611,0.1365556,0.1871111,0.18725,0.1925,0.1603611,0.22875,0.1373333,0.2038333,0.2116458,0.1979444,0.2234444,0.2155833,0.2112222,0.2056111,0.1968333,0.1361667,0.1750278,0.1755833,0.1559167,0.1358542,0.1758055,0.12375,0.2210555,0.1683611,0.1302222,0.14,0.1807222,0.189,0.1926389,0.19025,0.2472778,0.2225,0.2578055,0.2440833,0.1908889,0.2232222,0.1511944,0.1391458,0.1931667,0.1907778,0.1699722,0.2103056,0.1371389,,30.2417279
2022-10-24 08:00:00,50.21442,,3.087229,3.308771,3.262708,2.747854,3.025687,3.377563,2.87725,2.955083,3.318521,2.995583,3.075833,2.923521,3.452479,2.823333,2.939375,2.894687,2.961146,3.07375,2.537104,2.673354,3.010229,2.854875,2.954521,3.006917,3.041312,2.935062,3.010958,2.988396,2.905167,2.782354,3.006583,2.708042,2.88575,2.840938,2.410146,2.862896,,2.792083,2.088813,2.860958,2.07425,3.038208,3.357771,2.770125,2.835021,3.05775,2.713646,3.462229,2.386062,3.292021,2.903854,2.558708,3.102437,3.190417,2.701562,2.538458,3.059958,2.379542,3.0995,2.960438,2.870563,3.540229,2.582104,2.923687,2.550854,,2.772812,2.989521,3.059562,2.210875,2.938667,2.39575,2.878583,3.379041,3.226458,2.949146,3.080708,3.142584,3.122333,3.147084,3.501125,3.626458,3.060563,3.151334,3.103188,3.072354,3.133521,2.96275,3.197417,,3.045521,2.964125,3.053875,3.262666,3.193271,2.633021,2.867063,3.110375,3.033,3.130042,3.150104,3.191083,3.242583,3.058312,3.263083,3.163958,3.09148,3.098917,3.098021,2.624625,3.212438,2.764563,3.000479,2.873312,2.725188,3.331,3.018708,2.941229,3.199792,3.028729,3.137042,2.931646,2.649188,2.982208,3.002271,3.015646,2.869875,3.22425,2.734917,3.091604,3.501146,3.064167,3.189542,3.233042,3.164292,3.084146,3.050917,2.7,2.904645,2.899021,2.801,2.929813,2.926438,2.641708,3.167937,2.742291,2.636375,2.972459,2.386687,2.998354,3.062813,3.015625,3.324125,2.967542,3.186104,3.335229,3.013688,3.226833,2.764042,2.9595,3.019708,2.950459,2.710271,3.082979,2.590209,3.301261333333334,481.52037599999994
2022-10-24 09:00:00,122.9867,,8.132521,8.221896,8.183415,7.838146,8.019897,8.296395,7.948916,7.934353,8.354042,8.007104,8.130063,7.961564,8.377915,7.789104,7.857667,7.517396,7.967332,8.168855,7.678104,7.400479,8.068168,7.892604,7.983583,8.009624,8.085834,5.670563,7.940666,8.061355,7.846562,7.577667,8.103709,7.497083,7.945896,7.709813,6.861416,7.727084,,7.567229,6.162583,7.809333,5.979688,7.874709,8.048917,7.864708,7.779958,7.300229,7.630562,8.295313,6.727188,8.322291,7.839666,7.467625,7.341521,8.125,7.72775,6.956417,7.908958,6.822625,8.015813,7.940729,6.856334,8.405709,6.852959,7.937583,6.90402,,7.176083,8.115271,8.167354,6.194667,7.949896,6.576792,7.906979,8.539645,8.319207,8.097042,8.204063,8.215604,8.277229,8.287104,8.666666,8.721708,8.255793,8.212314,8.253584,8.141064,8.304791,8.044188,8.288646,,8.055729,8.007083,8.118103,8.320957,8.249207,7.843708,8.013104,8.076729,8.076021,8.089604,8.206166,8.24677,8.328439,8.149208,8.397895,8.275291,8.164855,8.187063,8.210374,7.740938,8.278001,7.898687,8.133583,7.961375,7.503875,8.249167,8.099417,8.010022,8.234208,8.068749,8.182916,7.958521,7.790396,7.973875,8.132646,7.992459,8.008084,8.243478,7.887479,8.154124,8.522271,8.088437,8.188022,8.223499,8.229333,8.135688,8.155417,7.746687,7.972688,7.911896,7.852917,7.977521,8.035999,7.699833,8.181854,7.393042,7.782146,7.978916,6.116375,8.018833,8.223166,8.067145,8.363418,7.6635,7.870916,8.343834,8.041958,8.256626,7.831791,7.972563,7.980709,7.918333,7.467271,8.035293,7.326625,8.331866606060606,1279.240726
2022-10-24 10:00:00,199.9136,,13.23206,13.21125,13.13396,12.96181,13.04275,13.23346,13.00398,12.96352,13.34402,13.1299,13.17244,13.1046,13.27689,12.8965,12.90979,12.10013,13.11546,13.18558,12.90769,12.06481,13.25106,13.03215,12.95463,13.12269,13.09404,9.343604,12.97565,13.09019,12.91417,12.50287,13.11189,12.40017,12.94046,12.68823,11.22848,12.66417,,12.45646,10.09475,12.81166,9.859936,12.76785,12.79021,12.839,12.78419,11.45854,12.60067,13.18329,10.9816,13.36211,12.80444,12.34948,11.54986,13.10285,12.77592,11.2501,13.30937,11.13527,12.92429,12.93098,11.02565,13.22142,11.16086,12.914,11.11592,,11.39811,13.21346,13.22979,10.06002,12.9,10.59517,12.90656,13.17083,13.04167,12.75121,12.84542,12.98692,12.92511,13.099,13.31269,13.50867,12.93325,12.96292,12.89594,12.85396,12.91646,12.7925,12.85404,,12.59089,12.78571,12.73396,13.11048,12.81517,12.69702,12.66029,12.76779,12.657,12.78071,12.78514,12.97994,12.97067,12.92998,13.22231,12.92634,12.81846,13.00471,12.85664,12.57694,12.88471,12.73748,12.77869,12.76446,11.82938,12.90483,12.71585,12.7805,12.83223,12.83402,12.82879,12.75632,12.49808,12.72027,12.84437,12.76219,12.72006,13.02757,12.61187,12.94758,13.11698,12.86754,12.77752,12.99152,13.06748,12.80898,12.85429,12.61915,12.647,12.73573,12.48629,12.84583,12.75606,12.55302,12.79346,11.87006,12.4811,12.81967,9.759416,12.83702,13.01635,12.95596,13.03219,12.14686,12.20782,13.23006,12.74631,13.14931,12.52696,12.8011,12.61823,12.7311,11.84738,12.85492,11.8555,13.194533030303027,2047.876996
2022-10-24 11:00:00,321.2682,,21.83114,21.60456,21.50504,21.49689,21.44965,21.52177,21.45148,21.37004,21.75544,21.54917,21.6515,21.53935,21.58054,21.28187,21.17154,19.86873,21.54796,21.66814,21.39723,19.93804,21.75375,21.44736,21.31292,21.44954,21.52994,19.81252,21.06779,21.54952,21.02448,20.34071,21.4615,20.04981,21.2175,20.38729,18.50025,20.30569,,20.02412,16.68977,20.76,16.30442,20.51814,20.38908,21.1314,20.79823,18.50883,20.49088,20.99502,18.01175,21.4255,20.7255,20.15541,18.42275,21.12086,20.75662,18.50681,21.53019,18.30654,20.89771,20.92562,18.10538,21.16352,18.28458,21.07277,18.2281,,18.55458,21.63571,21.62239,16.55158,21.07171,17.46017,21.20629,21.38396,21.21827,20.89996,21.03281,21.22281,21.15419,21.38302,21.582,21.72854,21.2634,21.15291,21.15204,21.01902,21.20219,20.94139,21.11394,,20.66485,21.02171,20.86029,21.34354,20.99152,21.03661,20.86298,20.91146,20.76204,20.87436,20.89052,21.24806,21.13787,21.26048,21.54091,21.23354,21.07338,21.29104,21.10558,20.87092,21.0701,21.08443,21.01427,21.05321,19.47585,20.99696,20.935,21.08506,20.99375,21.06452,21.17911,21.08998,20.82575,20.92294,21.24334,21.0271,21.12968,21.39619,21.01671,21.28573,21.33975,21.16662,20.94193,21.14648,21.36635,21.1781,21.32013,21.03481,21.029,21.11575,20.7925,21.20881,21.15404,20.92463,21.07748,19.64904,20.83525,21.16452,19.9721,21.10321,21.75446,21.59108,21.58777,20.0245,20.03488,21.69306,21.10237,21.63954,20.94606,21.21654,20.8935,21.04706,19.5709,21.11496,19.66998,21.577958181818182,3366.47153
2022-10-24 12:00:00,246.9014,,16.51721,16.37883,16.28998,16.26752,16.29037,16.38644,16.32291,16.29479,16.59038,16.48156,16.48013,16.51615,16.50329,16.30002,16.24573,15.15552,16.44732,16.57777,16.43579,15.2381,16.74183,16.55062,16.33931,16.61206,16.50004,16.85725,16.46881,16.48531,16.41448,15.89302,16.54567,15.75088,16.3161,16.10488,14.22058,16.04504,,15.78721,12.82892,16.25077,12.5583,16.16677,16.01962,16.31821,16.26252,14.32662,16.07034,16.51431,13.94752,16.79633,16.29185,15.76594,14.40873,16.55842,16.33727,14.29542,16.92158,14.22793,16.36406,16.4246,14.01667,16.5674,14.18662,16.43056,14.16123,,14.44998,16.86269,16.83594,12.84583,16.43965,13.50171,16.50719,16.49434,16.48487,16.06581,16.16685,16.40183,16.24204,16.53352,16.64992,16.85715,16.33264,16.38348,16.25882,16.27852,16.30885,16.22115,16.19694,,15.81256,16.09677,15.99425,16.43661,16.07586,16.1306,16.00729,16.04181,15.92354,16.09894,16.031,16.34002,16.23631,16.30815,16.65137,16.2045,16.04258,16.33485,16.08696,15.9326,16.10108,16.10171,16.03494,16.14191,14.87737,16.08933,15.986,16.10046,16.07413,16.17941,16.01375,16.04108,15.74375,15.95377,16.11762,16.03056,16.04221,16.31533,15.88285,16.23571,16.30264,16.17661,15.95142,16.24784,16.33902,15.93783,16.04444,15.90942,15.86886,15.99021,15.66259,16.09987,16.00062,15.8726,15.95425,14.92054,15.71594,16.0425,16.09452,16.11979,16.27752,16.23389,16.128,15.06548,15.13594,16.4189,15.89452,16.376,15.67417,15.96513,15.74281,15.92952,14.81169,15.99411,14.86187,16.588560000000005,2586.30173
2022-10-24 13:00:00,592.8843,,39.11327,38.59083,38.39292,38.67289,38.30827,38.15288,38.56898,38.27254,38.54946,38.24994,38.78566,38.49265,38.13698,38.307,38.07358,36.51892,38.63552,38.55558,38.57618,36.54208,39.08852,38.91912,38.01579,38.85466,37.92563,39.16789,38.39658,37.92785,38.17493,37.10492,37.88265,36.65198,37.38875,36.90323,34.24617,36.40509,,35.99221,31.02727,36.99696,30.73881,36.28596,35.8855,37.06583,37.0294,33.51818,36.38471,36.46656,33.58719,37.23954,36.5821,36.38408,33.42927,37.36942,36.64671,34.24629,37.95154,33.97042,37.27917,36.64373,32.95054,36.39785,33.99036,37.30406,34.08925,,34.4761,37.86559,37.89729,31.59366,37.146,33.66152,37.64898,37.20208,37.10386,36.91271,37.24456,37.28342,37.27893,37.23404,37.63138,37.03477,37.04742,37.32552,37.09156,37.01221,37.0034,36.81284,37.03765,,36.21775,36.55289,36.12114,36.81608,36.0511,36.8295,36.35494,36.59444,36.14979,37.01757,36.59754,36.98615,36.72884,37.12346,37.82121,36.96208,37.3074,37.23521,37.07292,36.66152,36.72727,37.35344,37.07417,36.93656,35.1446,36.46006,35.91244,36.96248,36.83794,36.85723,37.95969,37.47798,37.23438,36.78173,37.39494,37.28727,37.32031,37.73,36.81802,37.42748,37.322,37.65673,37.33786,37.22752,37.30148,37.93552,38.49323,37.58692,38.14206,37.65212,37.39536,37.74952,37.83344,36.96454,37.84921,36.01802,37.48894,37.25575,37.72892,37.29008,39.00077,38.9394,38.65467,37.17417,37.34927,38.29725,38.54739,38.42346,38.12521,38.04033,38.37185,37.8685,37.19452,36.67579,36.11644,38.544198181818174,6000.45605
2022-10-24 14:00:00,365.7658,,22.93679,22.3965,22.52204,23.02504,22.80379,22.98465,23.33796,22.88302,23.57856,23.08561,23.88639,23.23765,23.74813,23.29706,23.24781,22.44531,23.66713,23.90517,23.85567,22.65961,24.24808,24.03096,23.62717,24.22486,23.62875,24.13035,23.813,23.6334,23.83718,23.09809,23.65862,23.07771,23.20661,23.41617,20.90092,23.19427,,22.98696,18.68381,23.64654,18.41986,23.37348,22.97154,22.92004,23.47487,20.61306,23.5589,23.14596,20.47083,23.48804,23.40083,22.47487,20.46215,23.15644,23.32265,21.01208,23.65896,20.76481,23.01531,23.50731,19.99469,23.06158,20.99654,23.39721,21.08806,,21.06698,23.90925,24.01257,19.55369,23.24775,20.78302,23.81652,23.54325,22.8291,22.74925,22.8045,22.76046,22.82096,22.86527,23.27248,23.07775,23.13861,22.64781,23.12156,22.60998,23.23496,22.47131,23.15663,,22.47229,22.72792,22.73204,22.81756,22.55748,22.99338,22.83817,22.71415,22.58417,22.45523,22.76617,22.9471,23.02373,23.00658,23.00304,22.83285,22.84119,23.08823,23.04456,22.79262,22.67611,22.63279,23.069,23.04988,21.97252,22.83518,21.9914,22.56908,22.97121,23.14375,22.85366,22.89396,22.54686,22.50506,22.91737,22.94646,22.8525,23.15911,22.67031,22.97379,22.84975,22.97579,22.55573,22.86006,22.99406,22.33379,22.44964,22.27667,22.26244,22.40898,22.21529,22.71421,22.71141,22.53325,22.47719,21.38944,22.51756,22.55908,22.73617,22.71196,22.689,22.39638,22.15373,21.82833,21.29693,22.2944,22.39652,22.42167,21.98608,22.82294,22.34331,22.26535,21.4124,22.512,21.42108,23.68590878787878,3678.03212
2022-10-24 15:00:00,166.1908,,11.19431,11.03098,10.96321,10.98321,10.97621,11.04231,10.97875,10.93252,11.11046,11.01939,10.98019,11.05877,11.055,10.86888,10.77904,10.07604,11.03615,11.02575,10.93156,10.11854,11.10563,10.98185,10.80294,11.07236,10.90677,11.26329,10.97204,10.88484,10.86652,10.4936,10.91192,10.38302,10.716,10.64235,9.374271,10.5854,,10.33888,8.400668,10.65862,8.225938,10.62156,10.53619,10.66502,10.70248,9.384728,10.5489,10.83385,9.081313,11.07825,10.69313,10.29883,9.425605,10.84781,10.63544,9.244355,11.13152,9.269793,10.72583,10.73967,9.053041,10.88794,9.246396,10.85869,9.169436,,9.417667,10.9641,10.91596,8.361709,10.71394,8.763999,10.7259,10.61588,10.59537,10.39098,10.3744,10.53319,10.42706,10.65525,10.78452,10.91158,10.47169,10.54537,10.45458,10.44386,10.47554,10.43704,10.33144,,10.25773,10.46954,10.38113,10.69246,10.40023,10.49281,10.4524,10.36506,10.29763,10.36965,10.41685,10.61552,10.54187,10.55548,10.75587,10.65621,10.56854,10.7816,10.54762,10.46808,10.5651,10.50569,10.47448,10.62942,9.719605,10.56342,10.40641,10.44592,10.44981,10.55314,10.62415,10.67427,10.40935,10.43592,10.67883,10.61852,10.59877,10.70787,10.49398,10.68177,10.72429,10.54008,10.32685,10.58535,10.74106,10.6199,10.79233,10.60912,10.61421,10.67379,10.46948,10.71998,10.62365,10.48111,10.51023,9.874438,10.44392,10.62287,10.67104,10.60767,10.99887,10.99802,10.86688,10.11446,10.21338,11.04231,10.679,10.97679,10.53862,10.60637,10.46371,10.66446,9.931459,10.62929,9.940459,11.013271818181819,1701.9771299999998
2022-10-24 16:00:00,72.93031,,4.796062,4.779958,4.75675,4.684708,4.758187,4.872917,4.738417,4.783916,4.889459,4.871146,4.713375,4.911042,4.939188,4.783771,4.747333,4.384354,4.883292,4.860479,4.727542,4.443687,4.940479,4.816375,4.703646,4.915104,4.813729,5.118792,4.876854,4.783875,4.764208,4.599771,4.820542,4.586625,4.713354,4.778646,4.132,4.733146,,4.631396,3.684771,4.72125,3.603479,4.796834,4.882187,4.674375,4.800333,4.295291,4.650375,5.055666,3.990667,5.144521,4.852583,4.585688,4.404,4.951062,4.760292,4.104292,5.1105,4.180459,4.916042,4.886958,4.025,5.147312,4.145688,4.987646,4.112229,,4.337687,4.992396,4.968479,3.743083,4.894729,3.899188,4.857729,4.765896,4.778938,4.504563,4.483084,4.637667,4.526563,4.722125,4.850375,4.998333,4.532,4.680771,4.572479,4.6165,4.592083,4.630479,4.498062,,4.362813,4.554104,4.454313,4.778313,4.416396,4.518229,4.491708,4.517104,4.412979,4.551375,4.517396,4.718917,4.600479,4.601542,4.795063,4.556292,4.501791,4.731146,4.489937,4.419771,4.562375,4.539708,4.448062,4.588375,4.176896,4.649,4.40575,4.520333,4.523188,4.581937,4.50525,4.545958,4.290646,4.515854,4.55625,4.552229,4.470042,4.65173,4.319458,4.683625,4.717083,4.546625,4.401854,4.674208,4.737667,4.431146,4.491625,4.448458,4.422021,4.53325,4.355062,4.656521,4.458646,4.433125,4.496208,4.256354,4.2985,4.575458,4.687646,4.59295,4.551312,4.649792,4.56225,4.357187,4.371542,4.742521,4.427271,4.697625,4.303667,4.481438,4.331312,4.529854,4.216021,4.521458,4.249583,4.921792272727274,743.890408
2022-10-24 17:00:00,11.32555,,0.9341251,0.9655625,0.9819376,0.8444167,0.9380624,1.082458,0.9024375,0.9283333,1.041188,0.9461874,0.8475001,0.9869998,1.107375,0.8855833,0.8965833,0.8529167,0.949375,0.9859583,0.7907292,0.8562292,0.9650624,0.8782082,0.8700001,0.9794585,0.9500209,1.162771,0.9797916,0.9278333,0.8532084,0.8260416,0.9501458,0.844,0.9013749,0.9550208,0.7768958,0.9378126,,0.8804376,0.6524166,0.8501043,0.6232501,0.9695626,1.109062,0.8269584,0.9184166,0.9981043,0.8038958,1.161458,0.6845834,1.167813,0.9477916,0.7623957,1.050792,1.014333,0.82725,0.7304167,1.056875,0.797625,0.9656874,0.94325,0.6986459,1.188833,0.8115417,0.9888335,0.761875,,0.9546041,0.8958125,0.8970209,0.688625,0.9203542,0.7070416,0.8483333,1.082563,0.9929165,0.8717917,0.8561459,0.8602083,0.8878125,0.9305417,1.138896,1.182146,0.8550624,0.9310001,0.9253541,0.8687084,0.939625,0.9012707,0.8606876,,0.8269792,0.8415418,0.8702499,1.044062,0.8204584,0.7777084,0.880625,0.8407291,0.8358541,0.8694792,0.9199166,0.9666876,0.9621668,0.8342501,0.9919375,0.9296874,0.8893334,0.9780002,0.8798959,0.711875,0.9760417,0.8278334,0.8372084,0.8690417,0.8481459,0.9848542,0.8044583,0.8014375,0.9351249,0.8619166,0.9164166,0.8725626,0.7277709,0.8606666,0.9453958,0.8612499,0.8401874,0.9400624,0.7004583,0.9608125,1.114771,0.8477916,0.8305625,0.9730209,1.012979,0.8585833,0.8973125,0.7861668,0.8636249,0.8592917,0.8225417,0.9601041,0.8708958,0.7623957,0.9456458,0.8257709,0.7297501,0.8766876,1.105979,0.99275,0.8873959,0.9164166,0.9657498,0.9277292,1.028687,1.002875,0.874271,0.9435,0.7753751,0.8182708,0.8123958,0.8773125,0.9062084,0.8847291,0.8145,,146.0854583
2022-10-24 18:00:00,0.0,,0.02958333,0.039375,0.05908335,0.01154166,0.04583333,0.08141665,0.02558333,0.02370833,0.04225,0.01954167,0.01816666,0.03,0.094,0.03116667,0.02954167,0.02479167,0.03229167,0.03741667,0.014375,0.022125,0.03745833,0.02383333,0.02841667,0.02529166,0.02458333,0.1020833,0.03704167,0.02729166,0.02145834,0.01745833,0.0245,0.02375,0.02441666,0.03066666,0.006958335,0.041625,,0.02383333,0.007666665,0.01704166,0.01083334,0.03095834,0.1039167,0.01641667,0.019625,0.07366665,0.007791665,0.114,0.010875,0.1320834,0.03254167,0.004541667,0.1291666,0.06091665,0.01616666,0.01379167,0.04120833,0.01391666,0.025625,0.03254167,0.01008334,0.197625,0.01125,0.03075,0.011125,,0.03070834,0.02720834,0.01808334,0.010125,0.02429166,0.00525,0.01220834,0.06925,0.040625,0.02441666,0.02029167,0.01425,0.02220833,0.02666667,0.098125,0.1157916,0.01483333,0.03108333,0.025375,0.018,0.02645833,0.01991666,0.01316667,,0.022125,0.01620834,0.01595834,0.06575,0.01541667,0.01420834,0.01908333,0.01466667,0.016875,0.02491667,0.0275,0.02066666,0.03516667,0.0125,0.0375,0.02495833,0.02658333,0.03308333,0.021125,0.0035,0.06433335,0.01720834,0.02158334,0.01908333,0.03129166,0.03354167,0.01458334,0.013375,0.02575,0.01591666,0.02691666,0.0215,0.006833335,0.02566667,0.030375,0.02304167,0.01025,0.023875,0.003875,0.03454167,0.1134166,0.01745833,0.01141667,0.055375,0.04345834,0.021625,0.03,0.009708335,0.01229167,0.01945833,0.01683334,0.03125,0.02604166,0.01845833,0.03008333,0.01820833,0.007041665,0.01425,0.103125,0.027875,0.02754167,0.04179167,0.02795834,0.02558333,0.087125,0.06641665,0.02754167,0.03354167,0.007583335,0.01858333,0.01941667,0.0235,0.02158334,0.01733333,0.02404167,,5.145166521999999
2022-10-24 19:00:00,0.0,,,,,,,,,,,,,,,,,,,,,,,,,,,,,,,,,,,,,,,,,,,,,,,,,,,,,,,,,,,,,,,,,,,,,,,,,,,,,,,,,,,,,,,,,,,,,,,,,,,,,,,,,,,,,,,,,,,,,,,,,,,,,,,,,,,,,,,,,,,,,,,,,,,,,,,,,,,,,,,,,,,,,,,,0.0
2022-10-24 20:00:00,0.0,,,,,,,,,,,,,,,,,,,,,,,,,,,,,,,,,,,,,,,,,,,,,,,,,,,,,,,,,,,,,,,,,,,,,,,,,,,,,,,,,,,,,,,,,,,,,,,,,,,,,,,,,,,,,,,,,,,,,,,,,,,,,,,,,,,,,,,,,,,,,,,,,,,,,,,,,,,,,,,,,,,,,,,,0.0
2022-10-24 21:00:00,0.0,,,,,,,,,,,,,,,,,,,,,,,,,,,,,,,,,,,,,,,,,,,,,,,,,,,,,,,,,,,,,,,,,,,,,,,,,,,,,,,,,,,,,,,,,,,,,,,,,,,,,,,,,,,,,,,,,,,,,,,,,,,,,,,,,,,,,,,,,,,,,,,,,,,,,,,,,,,,,,,,,,,,,,,,0.0
2022-10-24 22:00:00,0.2550448,,,,,,,,,,,,,,,,,,,,,,,,,,,,,,,,,,,,,,,,,,,,,,,,,,,,,,,,,,,,,,,,,,,,,,,,,,,,,,,,,,,,,,,,,,,,,,,,,,,,,,,,,,,,,,,,,,,,,,,,,,,,,,,,,,,,,,,,,,,,,,,,,,,,,,,,,,,,,,,,,,,,,,,,0.0
2022-10-24 23:00:00,0.0,,,,,,,,,,,,,,,,,,,,,,,,,,,,,,,,,,,,,,,,,,,,,,,,,,,,,,,,,,,,,,,,,,,,,,,,,,,,,,,,,,,,,,,,,,,,,,,,,,,,,,,,,,,,,,,,,,,,,,,,,,,,,,,,,,,,,,,,,,,,,,,,,,,,,,,,,,,,,,,,,,,,,,,,0.0
2022-10-25 00:00:00,0.0,,,,,,,,,,,,,,,,,,,,,,,,,,,,,,,,,,,,,,,,,,,,,,,,,,,,,,,,,,,,,,,,,,,,,,,,,,,,,,,,,,,,,,,,,,,,,,,,,,,,,,,,,,,,,,,,,,,,,,,,,,,,,,,,,,,,,,,,,,,,,,,,,,,,,,,,,,,,,,,,,,,,,,,,0.0
2022-10-25 01:00:00,0.0,,,,,,,,,,,,,,,,,,,,,,,,,,,,,,,,,,,,,,,,,,,,,,,,,,,,,,,,,,,,,,,,,,,,,,,,,,,,,,,,,,,,,,,,,,,,,,,,,,,,,,,,,,,,,,,,,,,,,,,,,,,,,,,,,,,,,,,,,,,,,,,,,,,,,,,,,,,,,,,,,,,,,,,,0.0
2022-10-25 02:00:00,0.0,,,,,,,,,,,,,,,,,,,,,,,,,,,,,,,,,,,,,,,,,,,,,,,,,,,,,,,,,,,,,,,,,,,,,,,,,,,,,,,,,,,,,,,,,,,,,,,,,,,,,,,,,,,,,,,,,,,,,,,,,,,,,,,,,,,,,,,,,,,,,,,,,,,,,,,,,,,,,,,,,,,,,,,,0.0
2022-10-25 03:00:00,0.0,,,,,,,,,,,,,,,,,,,,,,,,,,,,,,,,,,,,,,,,,,,,,,,,,,,,,,,,,,,,,,,,,,,,,,,,,,,,,,,,,,,,,,,,,,,,,,,,,,,,,,,,,,,,,,,,,,,,,,,,,,,,,,,,,,,,,,,,,,,,,,,,,,,,,,,,,,,,,,,,,,,,,,,,0.0
2022-10-25 04:00:00,0.0,,,,,,,,,,,,,,,,,,,,,,,,,,,,,,,,,,,,,,,,,,,,,,,,,,,,,,,,,,,,,,,,,,,,,,,,,,,,,,,,,,,,,,,,,,,,,,,,,,,,,,,,,,,,,,,,,,,,,,,,,,,,,,,,,,,,,,,,,,,,,,,,,,,,,,,,,,,,,,,,,,,,,,,,0.0
2022-10-25 05:00:00,0.0,,,,,,,,,,,,,,,,,,,,,,,,,,,,,,,,,,,,,,,,,,,,,,,,,,,,,,,,,,,,,,,,,,,,,,,,,,,,,,,,,,,,,,,,,,,,,,,,,,,,,,,,,,,,,,,,,,,,,,,,,,,,,,,,,,,,,,,,,,,,,,,,,,,,,,,,,,,,,,,,,,,,,,,,0.0
2022-10-25 06:00:00,0.0,,,,,,,,,,,,,,,,,,,,,,,,,,,,,,,,,,,,,,,,,,,,,,,,,,,,,,,,,,,,,,,,,,,,,,,,,,,,,,,,,,,,,,,,,,,,,,,,,,,,,,,,,,,,,,,,,,,,,,,,,,,,,,,,,,,,,,,,,,,,,,,,,,,,,,,,,,,,,,,,,,,,,,,,0.0
2022-10-25 07:00:00,5.415367,,0.7803057,1.006167,0.9787776,0.4296874,0.7821665,1.008278,0.6376389,0.7078056,0.9458057,0.7389167,0.7833611,0.6385554,1.056778,0.6210557,0.5795834,0.7848611,0.6808057,0.7192777,0.4633057,0.6076389,0.7276667,0.6382501,0.7159443,0.5181249,0.7396666,0.7948056,0.7054443,0.6700279,0.462875,0.6001943,0.6925278,0.575111,0.6531111,0.5816389,0.4699443,0.5023958,,0.5793333,0.4326666,0.565111,0.4935279,0.5450833,0.9566111,0.52175,0.543361,0.9218611,0.4269444,0.735375,0.5059723,0.9510002,0.4776249,0.4406389,0.9407501,0.8119444,0.4985554,0.5462222,0.6577224,0.3827223,0.760889,0.5491666,0.6597499,0.7964792,0.5406946,0.6335832,0.5460556,,0.6871667,0.637111,0.6589168,0.4914443,0.6793334,0.5208054,0.4742499,0.8902777,0.8005,0.6098888,0.7199166,0.6107917,0.7636389,0.7861388,1.027667,1.105,0.7142223,0.8243889,0.7400835,0.7117223,0.7755557,0.6086668,0.8403889,,0.7986389,0.6964168,0.7390277,0.8806666,0.8948612,0.4254721,0.5479168,0.821139,0.7303332,0.8631666,0.8130277,0.8709165,0.8781666,0.7211667,0.8421946,0.8212499,0.8003612,0.7900277,0.7834166,0.4124443,0.8890277,0.5324166,0.7046667,0.6513611,0.6187223,0.9821389,0.7636946,0.6628888,0.8488054,0.7217777,0.8417223,0.6874722,0.5145832,0.5500001,0.7102779,0.7642221,0.6048056,0.8754723,0.5488611,0.607,1.07675,0.7973888,0.6641042,0.8793333,0.7798333,0.8076943,0.7908334,0.5003889,0.666361,0.6887777,0.5768889,0.4734376,0.6697777,0.3333543,0.8502778,0.6403612,0.4938889,0.7523335,0.9071668,0.7359721,0.7673889,0.7392501,0.9996389,0.8761665,0.9821666,0.9647221,0.7716668,0.8707778,0.6089446,0.7269446,0.8050557,0.7717777,0.6697223,0.8052221,0.5613332,,114.3140006
2022-10-25 08:00:00,95.47701,,7.580042,7.699397,7.884812,7.713125,8.273792,8.654834,8.502709,8.268562,9.188562,7.666312,8.877791,7.190854,9.043186,6.788501,6.756499,8.076187,6.858249,8.610165,6.317854,7.549647,6.726064,6.307437,8.194104,6.403625,7.729793,5.879833,6.027062,7.983001,5.812542,5.620917,7.782209,5.519875,7.031918,5.609625,5.917833,5.659021,,5.606958,5.209271,5.983333,5.123209,6.168625,6.535667,7.035854,6.056313,6.904459,5.877438,6.463167,5.949792,6.360312,5.865146,5.735437,6.617083,6.796395,6.19525,6.611354,7.055374,6.704583,7.040709,6.822562,7.959064,7.616021,7.002897,7.33677,6.727542,,6.986813,8.083582,8.250812,6.170166,8.157688,6.740083,8.272438,8.873416,8.804314,8.43352,8.59475,8.719354,8.670645,8.686938,9.079145,9.174145,8.566313,8.597647,8.562645,8.690458,8.532541,8.471354,8.646355,,8.692937,8.401103,8.651917,8.813021,8.923834,8.038189,8.404543,8.602624,8.586688,8.49827,8.752354,8.686438,8.826584,8.494771,8.859708,8.899687,8.827521,8.602874,8.866647,8.054499,9.01848,8.20673,8.743063,8.259688,7.958833,8.702062,8.686791,8.347458,8.883541,8.424666,8.844875,8.561813,8.186521,8.372708,8.703188,8.39525,8.517104,8.862917,8.288916,8.640979,9.188853,8.601293,8.850688,8.582103,8.680353,8.877938,8.857208,8.46225,8.641542,8.708104,8.444939,8.634583,8.678812,8.261772,8.830395,8.042709,8.196876,8.685333,8.949874,8.556376,9.483811,8.830604,9.395917,8.328563,8.804833,9.201248,8.938125,9.190522,8.602083,8.626291,8.898043,8.819916,7.567937,9.00775,7.997855,8.969357121212118,1282.346937
2022-10-25 09:00:00,379.5302,,29.61304,31.57471,31.57248,31.54988,31.52729,31.4311,31.47562,30.93852,32.07542,30.98429,32.09229,30.25937,31.82388,27.5259,26.656,29.30652,26.37092,31.8471,26.80773,28.97977,27.07519,25.92,31.21884,24.31709,31.16886,23.15916,24.43386,31.27711,23.76211,22.18023,31.28609,20.73233,30.77125,21.1434,26.84277,20.5045,,22.88467,23.98302,26.6258,23.2031,26.55511,25.17354,30.99533,24.38606,26.93179,22.80234,23.0426,26.33688,23.97429,23.45361,25.90373,26.0175,27.9104,26.42702,27.74204,26.09323,27.24075,26.50785,26.89883,27.20662,29.0225,27.08223,31.36809,27.05046,,27.33266,32.12523,32.11279,24.06417,31.15148,26.05119,31.36715,32.55025,32.45458,31.91423,32.12327,32.12531,32.41764,32.4005,32.83575,32.81213,32.47477,31.63908,32.29023,32.07862,32.31317,31.7679,32.40915,,31.86079,31.85871,31.90236,32.19677,32.43748,31.746,31.94121,31.79871,31.87921,31.61227,32.1465,32.10529,32.4299,32.2545,32.59625,32.25377,32.014,31.86754,32.18802,31.5125,32.19436,31.70931,32.15948,31.93262,29.82223,31.78248,32.13767,31.88694,32.14569,31.9731,32.00415,31.56577,31.48236,30.73527,32.04264,31.0655,31.92773,32.01948,31.91321,31.68066,32.2961,31.81977,31.95277,31.13325,32.02879,31.86939,32.24988,31.19294,31.79046,31.44706,31.45788,31.53227,31.88598,31.14862,31.64562,29.3774,31.46321,31.71765,31.93844,31.25567,32.44875,31.83167,32.13305,29.74527,29.89227,31.90175,31.67356,31.906,31.49269,31.26469,31.39719,31.02623,26.93308,31.46334,29.25448,32.3027012121212,4844.18486
2022-10-25 10:00:00,606.1128,,44.72896,44.23929,44.275,44.47298,44.26148,44.05104,44.32221,43.7589,44.78029,43.95994,44.94209,43.78398,44.36825,43.02104,41.77846,41.12838,41.03658,44.74038,42.58413,41.05581,43.78352,40.19177,44.12719,40.06931,44.1866,42.28133,41.0635,44.34425,39.67602,37.72225,44.31067,36.52443,43.63823,37.04165,38.03071,35.78967,,37.66413,34.12554,41.92154,33.34613,41.46617,39.34848,43.94704,39.92131,37.75948,39.52046,39.11627,37.26102,39.56194,38.18873,40.64939,36.77642,43.01886,39.77954,38.50523,40.45167,38.06886,38.95648,39.57892,37.76098,43.40696,37.90923,43.96221,37.72358,,38.22815,44.88681,44.80158,34.07241,43.65462,36.61861,44.10571,44.92975,44.71892,44.32919,44.52069,44.60615,44.83675,44.911,45.26396,45.27515,44.96727,44.42527,44.66854,44.33877,44.79998,44.16952,44.70308,,43.92029,44.13433,44.1716,44.54342,44.63402,44.19725,44.20752,43.92548,44.05323,43.83775,44.20702,44.32832,44.65054,44.531,45.11752,44.71646,44.24136,44.1635,44.34863,43.89271,44.37179,44.18121,44.31102,44.21706,41.09867,43.68696,44.37983,44.17692,44.15879,44.12869,44.22612,43.84029,43.92506,43.11837,44.422,43.38044,44.35688,44.32515,44.42046,44.23467,44.32841,44.10484,43.99002,43.41842,44.48108,44.27687,44.83818,43.70654,44.20681,43.82144,43.78131,43.99385,44.30919,43.54558,43.92565,40.82835,43.89562,44.12115,44.18795,43.49,45.11158,44.40421,44.60867,41.32135,41.42271,44.52496,44.17419,44.52565,43.94427,43.80615,43.71946,43.38866,37.61042,43.70546,40.8704,44.74802060606061,6914.7704699999995
2022-10-25 11:00:00,838.6984,,57.4915,57.13219,57.07146,57.76277,57.22736,56.43758,57.20813,56.991,57.39704,57.13335,57.36521,57.21738,56.6085,57.07794,56.78825,55.352,57.40423,57.61283,57.25014,55.46196,57.41456,57.20081,57.16206,56.52223,57.37085,57.2486,56.55848,57.39769,56.49921,55.58831,57.74387,54.40344,57.00479,55.21137,52.11964,54.53635,,54.64298,46.82537,56.43658,46.1924,56.01304,55.02365,57.24406,56.82808,51.4644,56.98764,55.24044,51.22242,54.78209,55.69085,55.63458,50.67136,56.89962,56.53365,52.50419,56.19171,51.91433,56.13604,55.77713,51.24677,56.34309,51.81158,57.41002,51.63671,,52.35527,57.8162,57.75608,47.12479,57.28321,50.74219,57.42654,57.13252,57.66752,57.30829,57.39529,57.42062,57.62092,57.62085,58.01927,57.19248,57.6731,57.47127,57.57013,57.44098,57.60667,56.72246,57.53839,,57.06268,57.14598,57.2094,57.46217,56.33192,57.26156,57.49062,57.00346,57.23713,57.00804,57.37071,57.40314,57.75991,57.46046,57.8089,57.4051,57.29084,57.45152,57.3311,57.13829,57.32679,57.23792,57.33671,57.38417,55.503,56.92123,57.19829,57.16052,56.21238,57.29706,57.239,56.96517,57.12027,56.53706,57.53119,56.77335,57.4006,57.33364,57.23002,57.29533,56.7189,57.1731,56.99106,56.31173,57.35786,57.16454,57.50773,57.019,57.22042,56.94917,57.05004,57.26583,57.31894,56.81231,56.48325,55.16602,57.1075,57.13583,57.50721,56.3116,57.46006,57.22325,57.16542,55.31525,55.52606,56.60427,57.15596,57.10383,57.09164,56.85902,56.8836,56.63321,51.23971,56.86515,55.17036,57.567767575757564,9124.68836
2022-10-25 12:00:00,992.85,,61.14713,61.04954,60.89112,61.88263,61.18829,60.0206,61.06533,61.0886,61.07369,61.07254,60.84283,61.29679,60.01654,61.23202,61.04081,61.01192,61.32819,61.29094,61.11441,61.12629,61.1806,61.12998,60.9814,61.26544,61.25146,61.38481,61.27596,61.14873,61.10416,61.227,61.85271,61.24821,61.08646,61.35442,59.39693,61.21602,,61.16021,53.52831,61.16767,53.42112,61.18688,60.13521,61.11748,61.36352,58.54402,61.88192,60.13454,58.742,60.13902,61.34581,61.12529,57.82808,61.32879,61.20977,59.41256,48.18677,58.7962,61.31148,61.07552,56.70375,60.13961,58.71485,60.87206,58.57729,,59.32646,61.21109,61.15081,53.62473,61.30536,57.81856,61.02948,60.15788,61.24183,61.03644,60.92083,60.88329,61.00975,60.98173,61.3491,60.04525,60.91681,61.05196,60.97127,61.08175,60.93565,60.01258,60.91069,,60.8829,60.91525,60.90821,61.17729,59.14061,60.97083,61.39196,60.77465,61.04783,60.79727,61.12221,61.11213,61.41229,60.97702,61.13039,60.95171,61.09,61.47094,61.0559,61.10794,61.05121,61.08408,61.07331,61.29046,61.22629,60.95375,60.77125,60.88255,59.29448,61.15816,61.06983,61.10673,61.11698,60.96606,61.37848,61.08848,61.18827,61.16338,60.87183,61.2529,60.161,61.03946,60.71181,60.11146,61.11706,60.96294,61.04037,61.18771,61.01237,61.04092,61.20127,61.43335,61.17729,60.9757,60.00352,61.31234,61.156,61.09802,56.87006,60.1356,60.90225,61.12379,60.90581,61.19044,61.193,60.00927,60.99927,60.78258,61.15129,60.94702,60.91354,60.97948,58.27683,61.10064,61.32425,61.3617806060606,9811.981049999999
2022-10-25 13:00:00,1001.934,,61.15058,61.03677,60.8881,61.88858,61.18929,60.01829,61.0616,61.10167,61.06033,61.06923,60.8396,61.29325,60.02039,61.23727,61.03723,60.99446,61.33019,61.28783,61.13639,61.13473,61.1835,61.15331,60.98479,61.27931,61.25356,61.38183,61.28646,61.1516,61.11075,61.22738,61.86448,61.25848,61.10227,61.38162,59.44296,61.21565,,61.17263,53.31023,61.18056,53.39958,61.17865,60.13589,61.12035,61.37698,58.583,61.8865,60.13867,58.75085,60.13879,61.37042,61.12073,57.56113,61.33608,61.22115,59.13792,48.9205,58.66825,61.32,61.07923,56.64335,60.14615,58.5611,60.58323,58.49229,,59.3051,61.21954,61.14673,53.81215,61.31058,57.84607,61.03877,60.16029,61.24346,61.0196,60.9125,60.38802,60.60413,60.31742,61.34129,60.0451,60.92098,61.04471,60.45381,60.55969,60.92152,60.01654,60.91496,,60.88652,60.93008,60.90413,61.19088,59.1265,60.98715,61.39961,60.77588,61.03525,60.42033,61.11665,60.58337,60.85162,60.9838,61.13112,60.44054,61.0986,61.47806,61.06129,60.59958,61.0566,61.0741,60.30079,61.28579,60.46421,60.45223,60.02127,60.88579,58.77794,61.15925,61.06619,60.52344,61.10744,60.44856,61.3894,61.09127,61.18945,61.15756,60.87527,61.23788,60.16146,60.37175,59.99715,60.11541,60.60981,60.95827,61.0364,61.19215,61.01544,61.03637,60.62573,61.43654,60.58416,60.33967,60.00531,60.76231,61.1739,61.1046,61.19481,60.13781,60.9016,61.12354,60.90696,61.09906,61.18314,60.0086,60.99246,60.77096,61.15569,60.95283,60.89782,60.98206,58.05611,61.1041,61.30329,61.35543696969696,9801.993559999999
2022-10-25 14:00:00,895.1157,,60.38027,59.66991,59.69081,60.4324,59.93567,59.0639,59.93712,59.91336,59.98938,60.12616,59.98656,60.32679,59.171,60.22427,59.95765,57.48521,52.23935,60.34679,60.65131,58.05954,60.75663,60.72592,60.0461,60.77237,60.32633,60.80831,60.46406,60.23008,60.23773,59.31467,60.65856,58.77,59.93264,59.61802,54.24402,58.87044,,57.97538,48.34042,59.80571,47.85423,59.22215,57.78139,59.93494,59.84814,53.07227,59.94693,58.48752,52.7976,59.02341,59.14477,58.07644,51.44998,59.52742,59.31152,53.26156,44.51485,52.49808,59.5199,59.16256,52.23127,58.47689,52.7011,59.65077,52.64144,,53.69481,60.16229,60.11973,48.99681,59.59748,52.4731,59.93998,59.13104,59.65642,59.42244,59.37606,59.55723,59.5625,59.73937,60.00462,59.26086,59.66796,59.55167,59.54504,59.45721,59.58835,58.77583,59.42218,,58.97475,59.1374,59.21111,59.58648,58.167,59.34492,59.44252,58.95927,59.15154,58.93036,59.21517,59.3526,59.63063,59.44419,59.88565,59.41979,59.34697,59.65008,59.31462,59.39262,59.36321,59.526,59.36185,59.58361,56.62048,58.86719,59.13025,59.28108,58.19271,59.34563,59.26927,59.21348,59.23735,58.73506,59.67294,59.02934,59.54098,59.56598,59.31633,59.59898,58.72871,59.46156,59.03504,58.42746,59.62902,59.34919,59.74956,59.35398,59.44023,59.23637,59.24367,59.58994,59.50204,59.14275,58.58221,56.54829,59.30927,59.30219,41.1721,58.44117,59.765,59.68844,59.18973,56.13648,56.89631,58.96273,59.47431,59.51642,59.37782,59.21725,59.14931,58.95894,52.1755,59.19206,56.46537,60.206498484848495,9461.744760000001
2022-10-25 15:00:00,533.2568,,37.19371,36.19548,36.27507,36.61433,36.44333,36.26564,36.56152,36.52544,36.69675,36.95742,36.91668,37.12635,36.49969,36.94798,36.71648,33.90377,29.72698,37.07756,37.98133,34.33157,38.27352,38.13438,36.82469,38.10865,37.06625,38.1225,37.22683,37.0234,37.00831,35.512,36.90454,34.69246,36.47343,35.50137,31.93406,34.71225,,33.87642,28.43527,35.87696,27.9604,34.87594,34.02625,36.33646,35.60862,31.17611,35.39498,34.78619,30.7601,35.84302,34.85717,33.77565,30.08175,35.35304,34.99404,31.07842,26.88252,30.6035,35.40198,35.1026,30.50275,34.9896,30.83854,35.60563,30.80352,,31.5879,36.4901,36.48873,28.78835,35.71329,30.63808,36.25421,36.46667,35.7185,35.97571,36.01469,35.93079,36.20456,36.2245,36.6869,36.42762,36.40842,35.812,36.1991,35.63829,36.26048,35.59173,35.99256,,35.48073,35.5009,35.83313,35.94402,35.88813,35.7519,35.75569,35.30873,35.55489,35.19971,35.67231,35.62342,35.99246,35.80915,36.3441,36.29821,36.008,35.91077,35.96318,35.67027,36.02981,35.90985,35.95679,35.84161,33.3956,35.21556,35.90283,35.67181,35.81229,35.55146,35.98975,35.59596,35.8625,35.09013,36.30042,35.26762,36.24071,35.95779,36.17223,36.05369,36.11221,35.89675,35.77262,35.22608,36.14587,36.16619,36.62038,35.67648,36.17692,35.68425,35.87413,35.98694,36.17033,35.56921,35.82667,33.33192,35.89814,35.76133,26.5645,35.4197,36.80506,36.33523,36.10088,33.42825,33.74115,36.2101,36.06156,36.28319,35.87981,35.70454,35.69223,35.39094,30.85729,35.55642,33.28957,36.964210606060604,5708.361279999999
2022-10-25 16:00:00,192.8264,,12.51873,12.32721,12.29246,12.37102,12.36694,12.37965,12.4164,12.34648,12.54796,12.51867,12.49029,12.65183,12.51112,12.52213,12.41433,11.48921,10.89508,12.60725,12.73623,11.63369,12.93652,12.82477,12.463,12.94406,12.60415,12.21829,12.67173,12.56996,12.52635,12.05306,12.58737,11.78227,12.4035,12.08879,10.83188,11.85738,,11.57985,9.637501,12.09579,9.447791,11.91537,11.83748,12.28123,12.12075,10.75723,11.93077,12.0086,10.42202,12.43863,11.96783,11.57585,10.56658,12.21944,11.94202,10.6174,12.627,10.51598,12.1964,12.11058,10.41781,12.26552,10.60165,12.33265,10.58356,,10.94339,12.52561,12.54217,9.823771,12.31308,10.3345,12.38627,12.52862,12.26985,12.23102,12.2145,12.23871,12.28717,12.4145,12.62371,12.59285,12.34742,12.26215,12.35594,12.17723,12.37481,12.15948,12.23265,,12.00796,12.09929,12.15742,12.42075,12.1425,12.14875,12.16256,12.006,12.05537,12.02333,12.1765,12.24471,12.3219,12.20123,12.47477,12.3429,12.23627,12.30381,12.2049,12.00954,12.28317,12.20048,12.18471,12.21012,11.3519,12.06323,12.11092,12.12269,12.22106,12.14377,12.20704,12.13248,12.03575,11.98144,12.35604,12.03673,12.25904,12.25115,12.14035,12.3681,12.42806,12.18073,12.07936,12.10335,12.37179,12.20367,12.34983,12.0725,12.19306,12.12521,12.09583,12.2896,12.24029,12.01994,12.14992,11.29702,12.05363,12.18165,9.416332,12.13077,12.57729,12.42769,12.36398,11.49496,11.61096,12.38383,12.20119,12.36565,12.07208,12.06181,12.04317,12.07608,10.52736,12.09019,11.32654,12.566196969696968,1948.598395
2022-10-25 17:00:00,93.54246,,5.504542,5.474563,5.452168,5.397979,5.457792,5.526646,5.45648,5.453063,5.593791,5.562,5.460624,5.64375,5.609166,5.547896,5.511001,5.038125,5.817729,5.566167,5.582229,5.144353,5.778313,5.678812,5.447874,5.823478,5.597041,4.669521,5.704604,5.540439,5.568605,5.317167,5.548186,5.218021,5.472772,5.424291,4.775833,5.228438,,5.107604,4.18475,5.339979,4.105874,5.296603,5.356855,5.333187,5.356521,4.859978,5.205082,5.439416,4.502397,5.616271,5.226105,4.982041,4.741874,5.437083,5.182603,4.576084,5.634501,4.572917,5.410707,5.313333,4.476082,5.523458,4.616313,5.421647,4.58375,,4.871062,5.402978,5.434895,4.281188,5.364813,4.508167,5.349293,5.467355,5.316416,5.245395,5.22198,5.267272,5.273395,5.371855,5.567604,5.593125,5.263439,5.283397,5.315105,5.233166,5.312626,5.224333,5.221668,,5.175438,5.233104,5.249709,5.481855,5.228833,5.198021,5.247959,5.203876,5.171855,5.189209,5.309354,5.370541,5.364104,5.275187,5.440709,5.355582,5.321895,5.431022,5.303271,5.12498,5.387187,5.256563,5.270751,5.308562,4.938603,5.313146,5.213041,5.216376,5.333438,5.270709,5.341437,5.286251,5.129729,5.210333,5.40575,5.24402,5.306938,5.364978,5.175458,5.463458,5.540313,5.320833,5.227728,5.332063,5.477771,5.317563,5.403897,5.231688,5.309124,5.290293,5.239001,5.416709,5.313522,5.177897,5.336709,4.925812,5.151687,5.324291,4.436687,5.341312,5.496396,5.473646,5.476708,5.120709,5.20798,5.502042,5.336292,5.450021,5.232125,5.223271,5.244042,5.284667,4.644187,5.312562,4.949646,5.5768309090909085,853.569427
2022-10-25 18:00:00,0.7200657,,0.1299583,0.1019167,0.1600416,0.11475,0.1350417,0.2345,0.133625,0.1324583,0.1752917,0.1394583,0.1209166,0.1442917,0.2425417,0.140375,0.1258333,0.08255557,0.1852916,0.147125,0.1080834,0.1278334,0.159,0.1233333,0.1154167,0.160625,0.1419584,0.1209584,0.17225,0.127875,0.0803889,0.1229166,0.1001667,0.1225417,0.1417083,0.1639166,0.1175416,0.1502917,,0.128125,0.08770835,0.12175,0.079625,0.142375,0.2829167,0.1133334,0.13725,0.171,0.1077916,0.3014167,0.096875,0.295125,0.131125,0.09225,0.2752083,0.1670834,0.1045417,0.08791665,0.2754167,0.1173334,0.1535833,0.137875,0.07954165,0.2456354,0.1197084,0.1486667,0.1054583,,0.161,0.1067083,0.07519443,0.096,0.1199583,0.105375,0.1014166,0.1796667,0.159625,0.1286667,0.1128334,0.1163334,0.1222083,0.133125,0.17525,0.288,0.1142083,0.134125,0.1418334,0.1229166,0.1386666,0.1277083,0.1224584,,0.1275416,0.1184167,0.1240416,0.1860417,0.1094166,0.09875,0.1280833,0.08519443,0.11725,0.1249167,0.1496667,0.152125,0.1537917,0.125,0.154125,0.09347223,0.09180557,0.157125,0.1359167,0.08079165,0.166,0.1085417,0.1259584,0.1275834,0.1397917,0.146875,0.1099166,0.1084166,0.1469166,0.119,0.1405834,0.1272084,0.0523611,0.1190834,0.1486667,0.1200833,0.1109584,0.1249167,0.074375,0.1567083,0.28225,0.1295,0.1160417,0.1503333,0.1660834,0.1241667,0.1357916,0.1065416,0.128625,0.1152084,0.1170833,0.1557917,0.1230417,0.1020416,0.1491666,0.110125,0.08391665,0.1230834,0.2723998,0.1555834,0.1335416,0.141,0.1606666,0.1565834,0.2476667,0.167875,0.13625,0.1347083,0.1065,0.1138334,0.118375,0.1237084,0.1358334,0.1283333,0.11025,,22.342007979999998
2022-10-25 19:00:00,0.0,,,,,,,,,,,,,,,,,,,,,,,,,,,,,,,,,,,,,,,,,,,,,,,,,,,,,,,,,,,,,,,,,,,,,,,,,,,,,,,,,,,,,,,,,,,,,,,,,,,,,,,,,,,,,,,,,,,,,,,,,,,,,,,,,,,,,,,,,,,,,,,,,,,,,,,,,,,,,,,,,,,,,,,,0.0
2022-10-25 20:00:00,0.0,,,,,,,,,,,,,,,,,,,,,,,,,,,,,,,,,,,,,,,,,,,,,,,,,,,,,,,,,,,,,,,,,,,,,,,,,,,,,,,,,,,,,,,,,,,,,,,,,,,,,,,,,,,,,,,,,,,,,,,,,,,,,,,,,,,,,,,,,,,,,,,,,,,,,,,,,,,,,,,,,,,,,,,,0.0
2022-10-25 21:00:00,0.0,,,,,,,,,,,,,,,,,,,,,,,,,,,,,,,,,,,,,,,,,,,,,,,,,,,,,,,,,,,,,,,,,,,,,,,,,,,,,,,,,,,,,,,,,,,,,,,,,,,,,,,,,,,,,,,,,,,,,,,,,,,,,,,,,,,,,,,,,,,,,,,,,,,,,,,,,,,,,,,,,,,,,,,,0.0
2022-10-25 22:00:00,0.0,,,,,,,,,,,,,,,,,,,,,,,,,,,,,,,,,,,,,,,,,,,,,,,,,,,,,,,,,,,,,,,,,,,,,,,,,,,,,,,,,,,,,,,,,,,,,,,,,,,,,,,,,,,,,,,,,,,,,,,,,,,,,,,,,,,,,,,,,,,,,,,,,,,,,,,,,,,,,,,,,,,,,,,,0.0
2022-10-25 23:00:00,0.0,,,,,,,,,,,,,,,,,,,,,,,,,,,,,,,,,,,,,,,,,,,,,,,,,,,,,,,,,,,,,,,,,,,,,,,,,,,,,,,,,,,,,,,,,,,,,,,,,,,,,,,,,,,,,,,,,,,,,,,,,,,,,,,,,,,,,,,,,,,,,,,,,,,,,,,,,,,,,,,,,,,,,,,,0.0
2022-10-26 00:00:00,0.0,,,,,,,,,,,,,,,,,,,,,,,,,,,,,,,,,,,,,,,,,,,,,,,,,,,,,,,,,,,,,,,,,,,,,,,,,,,,,,,,,,,,,,,,,,,,,,,,,,,,,,,,,,,,,,,,,,,,,,,,,,,,,,,,,,,,,,,,,,,,,,,,,,,,,,,,,,,,,,,,,,,,,,,,0.0
2022-10-26 01:00:00,0.0,,,,,,,,,,,,,,,,,,,,,,,,,,,,,,,,,,,,,,,,,,,,,,,,,,,,,,,,,,,,,,,,,,,,,,,,,,,,,,,,,,,,,,,,,,,,,,,,,,,,,,,,,,,,,,,,,,,,,,,,,,,,,,,,,,,,,,,,,,,,,,,,,,,,,,,,,,,,,,,,,,,,,,,,0.0
2022-10-26 02:00:00,0.0,,,,,,,,,,,,,,,,,,,,,,,,,,,,,,,,,,,,,,,,,,,,,,,,,,,,,,,,,,,,,,,,,,,,,,,,,,,,,,,,,,,,,,,,,,,,,,,,,,,,,,,,,,,,,,,,,,,,,,,,,,,,,,,,,,,,,,,,,,,,,,,,,,,,,,,,,,,,,,,,,,,,,,,,0.0
2022-10-26 03:00:00,0.0,,,,,,,,,,,,,,,,,,,,,,,,,,,,,,,,,,,,,,,,,,,,,,,,,,,,,,,,,,,,,,,,,,,,,,,,,,,,,,,,,,,,,,,,,,,,,,,,,,,,,,,,,,,,,,,,,,,,,,,,,,,,,,,,,,,,,,,,,,,,,,,,,,,,,,,,,,,,,,,,,,,,,,,,0.0
2022-10-26 04:00:00,0.0,,,,,,,,,,,,,,,,,,,,,,,,,,,,,,,,,,,,,,,,,,,,,,,,,,,,,,,,,,,,,,,,,,,,,,,,,,,,,,,,,,,,,,,,,,,,,,,,,,,,,,,,,,,,,,,,,,,,,,,,,,,,,,,,,,,,,,,,,,,,,,,,,,,,,,,,,,,,,,,,,,,,,,,,0.0
2022-10-26 05:00:00,0.0,,,,,,,,,,,,,,,,,,,,,,,,,,,,,,,,,,,,,,,,,,,,,,,,,,,,,,,,,,,,,,,,,,,,,,,,,,,,,,,,,,,,,,,,,,,,,,,,,,,,,,,,,,,,,,,,,,,,,,,,,,,,,,,,,,,,,,,,,,,,,,,,,,,,,,,,,,,,,,,,,,,,,,,,0.0
2022-10-26 06:00:00,0.0,,,,,,,,,,,,,,,,,,,,,,,,,,,,,,,,,,,,,,,,,,,,,,,,,,,,,,,,,,,,,,,,,,,,,,,,,,,,,,,,,,,,,,,,,,,,,,,,,,,,,,,,,,,,,,,,,,,,,,,,,,,,,,,,,,,,,,,,,,,,,,,,,,,,,,,,,,,,,,,,,,,,,,,,0.0
2022-10-26 07:00:00,5.818578,,0.5526665,0.6888334,0.6775833,0.4105833,0.5644166,0.7258055,0.4880278,0.5107778,0.6731946,0.5138612,0.5727223,0.4651667,0.7523889,0.4241944,0.523,0.5660276,0.4724167,0.5564721,0.3299444,0.4452777,0.5013611,0.4409166,0.4962223,0.4815832,0.5298334,0.5796112,0.4963057,0.4988612,0.434389,0.3980834,0.5096112,0.4129722,0.4988889,0.404861,0.3488333,0.4812499,,0.4145001,0.3168333,0.4127222,0.3249167,0.5021389,0.6784443,0.4139722,0.3996388,0.6534167,0.3610554,0.6996667,0.3795557,0.6695279,0.4779999,0.3343056,0.6905277,0.5749165,0.2887499,0.4247221,0.4933054,0.3331667,0.5529723,0.3915833,0.4999722,0.7615001,0.3993056,0.5004166,0.4064443,,0.5046113,0.4816946,0.4971944,0.372611,0.4870833,0.4036943,0.4664446,0.6978611,0.629889,0.490361,0.5560278,0.5962778,0.5642501,0.5870278,0.7484446,0.8166665,0.5488056,0.6080279,0.5715554,0.5589167,0.5851387,0.5009443,0.6276943,,0.5817779,0.5284167,0.57225,0.6467779,0.6535833,0.3633889,0.4577223,0.6021943,0.5761388,0.6136666,0.6105277,0.6282501,0.647861,0.5503889,0.6404445,0.6364999,0.6028611,0.5829168,0.6156388,0.3588612,0.6584721,0.4406666,0.5569722,0.4991946,0.5127777,0.7007779,0.5663334,0.5113056,0.6459999,0.5488887,0.6381388,0.5282223,0.4388334,0.5549721,0.5906111,0.572889,0.5043333,0.6445279,0.450111,0.4497499,0.8083333,0.5907499,0.6722779,0.6620834,0.6153057,0.6104167,0.5954444,0.4319166,0.5291944,0.5243611,0.4822499,0.5395557,0.5276388,0.3967779,0.6489723,0.4988333,0.4337501,0.5618055,0.603139,0.5544446,0.5914165,0.5670001,0.7212499,0.6269444,0.7034723,0.7058334,0.5830554,0.659111,0.4940557,0.5343057,0.6117778,0.5621667,0.5174446,0.6195276,0.4316389,,87.3846383
2022-10-26 08:00:00,223.4348,,11.24462,11.69115,12.64552,13.48285,14.59583,14.69765,15.1825,14.71029,15.95315,12.94027,15.72844,11.99037,15.71554,11.15833,10.43219,14.25465,10.53198,15.40512,9.800542,13.61446,9.609502,8.585438,14.69312,8.703646,13.73892,6.341666,7.406708,14.29758,6.780728,6.541813,14.04752,6.778042,12.08298,6.605187,10.17419,6.662124,,7.163144,8.836417,7.942084,8.115897,8.252791,9.041959,12.62242,8.49544,11.92942,8.523023,8.39154,10.83619,7.532542,6.876583,7.72071,10.1074,9.685499,9.251937,12.60667,11.06517,12.21587,10.69177,10.37881,13.8471,11.18523,12.93981,11.49606,12.21631,,11.93969,14.15883,14.67429,11.04385,14.39787,12.03137,14.78173,16.4529,16.22673,15.96144,16.06021,15.92596,16.15148,15.98306,16.70504,16.5301,16.11958,15.38062,16.12387,15.95823,16.23454,15.80996,16.28275,,15.96839,15.49575,16.05617,16.06137,16.24223,15.22483,15.79136,15.56523,16.05033,15.31448,16.05507,15.83979,16.36017,15.88792,16.1519,16.30604,16.22481,15.58012,16.34608,15.26348,16.40765,15.43517,16.29156,15.24704,15.02823,15.71831,16.22462,15.51456,16.27727,15.61086,16.25552,15.62289,15.63971,15.08661,13.61783,15.07548,15.97833,15.86739,15.63139,15.25065,16.42279,15.40042,16.19779,15.03702,15.77698,16.23135,16.37606,15.57092,16.095,15.80958,15.86967,15.78883,16.09819,15.00781,16.19687,14.72994,15.73887,15.92819,11.86813,15.55946,16.8606,15.30075,16.72256,14.78065,15.53162,16.19867,16.19283,16.15173,15.88196,15.18744,16.16435,15.74619,13.67154,16.09158,14.6964,16.297685757575756,2226.175842
2022-10-26 09:00:00,415.8177,,27.95533,29.82925,29.95164,29.9201,29.89529,29.69848,30.20454,30.03202,30.80754,29.85979,30.98756,29.17658,30.74321,27.11973,26.1075,28.50885,25.9191,30.80206,26.12475,28.07492,26.46723,25.66519,30.32675,24.31294,30.19434,21.053,23.54029,30.3961,23.48625,22.31479,30.47054,21.06644,29.91388,21.19844,26.00442,20.40658,,22.43908,23.18217,25.52248,22.26894,25.49815,24.50071,29.7434,23.99115,25.6711,22.749,22.18273,25.1361,23.23148,22.99523,24.77781,24.74569,25.84464,25.52838,26.43617,25.53492,25.67539,25.93789,25.83454,25.58956,27.44123,25.70171,29.80086,25.56581,,25.74131,30.65517,30.53979,22.90692,29.52033,24.82996,29.5521,31.26448,31.23821,30.85987,31.1151,31.40944,31.31819,31.43012,31.61786,31.54027,31.14917,30.4436,30.92912,30.83961,31.15364,30.38086,30.78867,,30.77348,30.89948,30.64594,30.96071,31.22248,30.8371,30.82215,30.52923,30.72625,30.63516,30.32079,30.48786,30.64681,30.49421,30.86631,30.76633,30.39796,30.46609,30.63756,30.19661,30.66763,30.46465,30.65715,30.51769,28.53867,30.25606,30.64854,30.46589,30.66996,30.39852,29.83142,30.35504,29.52029,29.64162,30.24685,29.97131,30.10048,30.89485,30.20267,30.45504,30.26414,30.55194,29.991,29.98552,30.80346,29.42713,29.80037,29.47492,29.39752,29.89585,29.12656,29.89931,29.65331,29.75802,29.45954,28.13204,29.32883,30.41836,23.69067,30.05977,30.24373,29.84064,29.92027,27.50919,27.74986,29.95827,29.256,30.06923,29.06819,28.93741,29.05083,29.49406,25.05717,29.81181,27.35975,30.97626151515152,4623.56704
2022-10-26 10:00:00,290.537,,20.26619,19.97819,19.77133,19.75596,19.8171,19.75887,19.98385,19.54629,20.23654,19.33904,20.09711,19.65427,19.81746,19.34619,19.18194,18.61558,19.49252,20.30635,19.32046,18.47283,19.60139,19.18683,19.99496,19.18229,19.87444,19.44648,18.89823,20.06937,18.88771,18.1794,20.09694,17.91729,19.8035,18.18691,17.23894,18.14677,,17.96352,15.49971,18.86096,15.02054,18.70573,18.45423,19.74671,18.79998,17.1115,18.64077,18.89325,16.67075,19.30704,18.8446,18.26425,16.91456,19.21694,18.88277,17.31967,19.4289,16.86517,18.90561,19.16158,16.91138,19.42396,16.99706,19.48827,16.97465,,17.29956,19.94781,19.92483,15.41012,19.49257,16.50729,19.52402,21.43894,20.7831,21.06846,21.07356,20.55952,21.14086,20.782,21.55846,20.82706,21.21994,20.63625,21.10731,20.53312,21.28219,20.23313,21.05596,,20.60694,20.31554,20.81285,20.6181,20.95317,20.42167,20.84287,20.40229,20.89827,20.23515,20.74688,20.48548,21.04023,20.45465,20.86756,21.11613,20.95542,20.32298,21.01575,20.0395,20.98625,20.26287,20.92413,20.29975,19.41004,20.13408,20.85291,20.26586,20.86069,20.21562,20.92654,20.12831,20.55533,20.00308,21.20959,20.06819,21.05013,20.4074,20.9389,20.43173,21.18484,20.31443,20.83598,20.23933,20.45487,20.80992,20.93763,19.85698,20.68375,19.99629,20.53827,20.03694,20.88625,19.90646,20.825,18.848,20.59131,20.12946,21.05644,20.234,21.07192,20.45454,20.85784,18.90063,19.43613,20.50112,20.48567,20.44633,20.45679,19.93894,20.43214,20.04094,17.68635,20.13363,18.48208,21.03158121212121,3198.92367
2022-10-26 11:00:00,487.0143,,30.88432,30.61927,31.10073,31.71669,31.96371,31.89225,32.17921,32.41179,31.89466,33.27512,32.07329,32.94654,31.65375,32.91342,32.77848,30.31098,33.46687,32.57608,33.47958,30.98467,33.52637,33.27,32.6134,33.26442,32.71429,33.49677,32.5824,32.91982,32.53419,31.83817,32.73327,31.32187,32.33865,31.62439,29.70985,31.6991,,31.38458,27.11771,32.57159,26.83625,32.40471,32.28775,32.37671,33.22459,29.61108,32.90059,32.67381,29.96225,32.89604,32.64294,32.23702,29.85467,33.15411,32.37848,30.11786,33.17606,30.09665,32.51289,32.2836,29.02019,31.96288,29.85167,32.58258,29.83702,,30.38554,33.07567,32.90975,27.8685,32.21006,29.27471,32.49508,32.59773,33.22067,31.50535,32.44931,32.67604,32.53335,32.9485,32.26525,32.33879,32.65306,32.78098,32.60196,32.69542,32.63823,32.4715,32.62627,,31.02238,31.84183,30.68192,32.28331,31.40739,32.03379,31.59346,32.14594,30.9656,31.7564,31.71737,32.71104,32.05575,32.62333,33.02621,30.97194,30.79686,31.66373,30.99869,31.37415,31.19642,31.61421,31.10798,31.6549,29.30002,31.59389,31.13227,31.69754,31.07067,32.03862,29.49861,31.05088,29.44096,31.0725,30.15369,31.14571,30.05719,31.55663,30.17842,31.86604,29.97621,31.3609,30.09286,31.10143,31.87769,28.76387,28.68517,30.19712,28.55888,30.38473,28.461,30.77287,29.05052,30.315,28.92025,29.16162,28.89723,30.98018,27.655,30.53708,29.61325,30.60071,28.96335,28.47812,27.22577,30.19311,28.55331,30.25648,28.37909,29.99908,28.34135,29.68598,25.13887,29.84981,28.49348,32.97085636363636,5058.105980000001
2022-10-26 12:00:00,878.3018,,50.37891,50.22173,50.67023,51.50169,50.99362,48.81348,50.55094,50.65192,50.95692,50.97598,50.6506,51.20465,50.193,49.65152,50.73502,49.77733,50.9906,51.00164,50.91639,49.85029,51.17704,50.87996,50.66544,50.91521,50.82375,50.93925,50.45165,50.68458,50.33165,49.7079,51.0386,49.30821,50.34275,49.68706,48.11021,49.32189,,49.17598,44.28004,50.22744,44.3709,49.28533,49.18221,50.07661,50.42141,46.91985,50.24565,49.35108,46.89936,49.82605,49.87569,49.19788,46.20721,50.06673,49.70588,46.60156,48.33663,46.44008,49.28348,49.55967,43.82209,47.62075,45.979,48.83358,45.80679,,45.98069,48.82613,48.64535,42.21469,48.46206,44.83556,48.43034,48.77225,49.12646,49.70269,49.34217,49.04456,49.427,49.034,50.04098,49.28444,49.50942,48.93512,49.37744,48.79652,48.96708,48.72992,49.00917,,48.98371,49.71407,49.44623,50.04679,48.24129,49.6804,49.41898,49.29404,49.6075,49.55175,49.70943,49.54281,49.91746,49.33807,49.60512,48.66087,48.70512,50.33796,48.84666,49.94038,48.85914,50.03383,49.05652,50.12061,48.18069,49.79448,48.98446,49.91383,48.53035,49.88984,48.29258,49.63473,48.29139,49.62077,48.85415,49.73002,48.65575,49.9226,48.42936,50.23475,47.59731,49.72913,48.97944,49.14467,50.13448,48.40059,48.50404,49.39336,48.30788,49.29325,48.26156,50.1165,48.48188,48.93252,47.73933,48.05098,48.20719,49.67321,49.2811,48.59998,48.53337,49.15606,47.96661,48.4395,47.56723,48.57246,48.60304,49.01727,47.97758,49.21513,48.54992,48.79192,46.07067,48.89592,48.48814,50.68016393939394,7953.45629
2022-10-26 13:00:00,608.0438,,41.56579,40.80321,40.76057,40.98315,40.76644,40.32235,40.59952,40.51206,40.9621,41.17339,41.15887,41.34927,40.59027,41.02723,40.75737,37.90596,41.62679,41.12669,41.91798,38.0974,42.05944,42.04419,40.77479,42.01129,40.88248,41.9896,41.21352,40.98417,41.2216,39.65046,40.881,38.95996,40.53052,39.5585,35.71152,39.21368,,38.28746,31.89708,40.29337,31.4384,39.65225,38.64458,40.30935,40.17777,35.03079,40.23529,39.36314,35.01406,40.54094,39.76225,38.57362,34.39021,40.30479,39.68673,35.55875,29.55754,35.31083,40.23517,39.84454,34.81229,40.03417,35.23479,40.70608,35.2471,,35.78181,41.55298,41.36477,32.42602,40.17198,34.47702,40.68508,40.9321,39.92977,40.64515,40.50061,40.49588,40.62479,40.72667,41.51494,41.11354,41.13034,40.30762,40.45385,40.18987,40.49856,40.0985,40.74746,,40.32058,40.24029,40.01387,39.98773,40.35479,40.0915,40.62865,39.97363,40.33794,39.80627,40.44198,39.9269,40.86458,40.57291,41.12311,40.9729,40.58475,39.95752,41.00519,40.25459,41.03569,40.06498,40.40315,39.94633,37.60929,39.74977,40.27715,40.24635,40.5275,39.79379,41.12567,40.27008,40.53596,39.23923,40.99077,40.02479,41.22577,40.64265,40.7734,39.89125,41.00592,40.43031,40.23371,39.78098,40.64985,41.29367,41.7815,40.31775,40.96079,40.41,40.81738,40.52702,40.9339,40.19421,40.94508,37.97038,40.89766,40.20471,41.29292,40.01427,42.32748,41.07494,41.61654,38.23244,39.02539,41.03625,41.39775,41.0589,41.09271,40.39154,41.0014,40.10423,35.56927,40.29296,37.76648,41.413488484848486,6452.6893199999995
2022-10-26 14:00:00,826.3223,,55.82429,55.2924,55.2173,55.94921,55.47802,54.935,55.52725,54.94598,55.30038,55.46661,55.28952,55.18131,54.71904,54.94379,54.69677,52.53604,55.54161,55.56598,55.49611,52.83108,55.58946,55.56902,55.13044,55.51071,55.30542,55.55014,54.75917,55.20923,54.56348,53.38654,55.39289,52.68681,54.72469,53.26319,49.25954,52.754,,51.40337,44.12808,53.49446,43.39983,52.91121,51.39717,54.53711,53.19477,48.2901,53.26242,52.02233,48.16525,52.87534,52.52989,51.48781,46.74648,52.98338,52.28369,48.73906,53.48092,47.8855,52.73629,52.29364,47.31469,51.9053,47.91314,51.49798,47.93213,,48.71404,53.30962,53.13771,44.15252,52.23758,47.35677,52.67406,54.74786,54.88779,54.41194,54.8299,54.68275,55.09156,54.96933,55.3429,54.00052,55.48802,54.83254,55.31069,54.71971,54.92827,53.67856,54.98986,,54.84325,54.45452,54.88104,54.85715,54.34904,54.41583,55.01829,53.97887,54.82977,54.1895,54.53796,54.36065,54.92623,54.40825,54.96337,55.65277,55.20529,54.67411,55.09235,54.2803,55.03771,54.52536,55.03781,54.34735,52.51294,53.83461,54.69558,54.10868,54.03073,54.17317,55.58186,54.51421,55.56038,54.18596,55.86718,54.17604,55.70692,54.77175,55.46759,54.85111,54.74966,54.60998,55.21294,53.64182,54.63509,56.03979,56.4091,55.23779,56.0659,55.25096,55.65575,55.49637,56.01408,54.74498,54.9695,52.46479,55.57106,54.87179,56.1464,54.08481,56.64542,56.3521,56.22852,53.49146,54.22129,55.56058,56.23071,56.11325,55.88198,55.55754,56.03008,55.15963,50.54625,55.31477,52.87129,55.81756181818184,8729.68117
2022-10-26 15:00:00,725.9087,,51.32579,50.55806,50.55556,50.87742,50.7561,50.53688,51.00998,51.07087,51.07967,51.8545,51.46719,52.01573,50.93471,51.577,51.50191,47.28984,52.81169,51.66462,52.93004,47.90361,53.20123,53.20835,51.38046,53.20248,51.77783,53.32171,52.09221,51.68838,51.95167,49.71019,51.50204,48.51575,51.07944,49.64273,44.64809,48.59144,,47.50879,39.6619,50.49298,39.30227,49.10075,47.8531,50.87102,50.21275,43.84483,49.95646,48.87554,43.47192,50.41654,49.13167,47.33746,42.10046,49.82785,49.13104,43.8165,51.00325,43.30402,50.07281,49.34985,43.18419,49.21587,43.64761,50.11942,43.77073,,44.7186,51.1795,50.94229,40.85473,49.67423,43.63975,50.47204,50.546,50.04517,49.83954,50.05279,50.26521,50.32379,50.56935,50.90167,50.89296,50.69392,50.0975,50.32277,49.90442,50.36919,49.8596,50.10502,,49.32456,49.51913,49.58854,50.14835,50.03587,49.8196,49.63639,49.38438,49.43962,49.24646,49.36244,49.74465,49.89433,50.08321,50.7599,50.11569,49.65919,49.88559,49.71021,49.63754,49.72773,49.96064,49.88933,49.8499,46.23289,49.23669,49.73648,49.698,49.62475,49.67546,49.55746,49.47092,49.34469,48.58319,49.92352,48.93486,49.89862,50.13298,49.89209,50.06854,49.63896,50.08794,49.4817,48.90442,50.21094,49.57737,50.39133,49.53336,49.83381,49.59589,49.21527,49.82563,49.66032,49.35002,49.32637,46.33348,49.26986,49.61266,49.94493,49.1965,50.22267,50.03446,49.42218,46.26325,46.29,50.31641,49.58277,50.45486,48.97802,49.39265,49.25859,49.11898,42.36671,49.54719,46.10315,51.63132151515151,7988.86383
2022-10-26 16:00:00,414.8293,,27.61871,27.17355,27.19835,27.41252,27.39675,27.34419,27.51544,27.68615,27.5309,28.2985,27.7145,28.44042,27.56875,28.16213,28.15042,25.44969,29.00479,27.92033,29.02706,25.92671,29.28613,29.27164,27.76698,29.36348,28.08915,29.51473,28.62002,27.97906,28.47519,27.14646,27.85619,26.42752,27.68942,27.01975,24.16958,25.96423,,25.54633,21.39679,27.26935,21.18152,26.49867,26.01831,27.34121,27.12269,23.763,26.86396,26.32413,23.37821,27.17021,26.28223,25.30871,22.65611,26.83904,26.31685,23.41992,27.5459,23.10627,27.06221,26.67519,23.08844,26.72127,23.376,27.17439,23.50573,,24.13633,27.73998,27.6504,22.13125,26.96806,23.55008,27.47579,27.02973,26.69769,26.54958,26.57271,26.78848,26.69762,27.01171,27.20831,27.28644,26.9076,26.76058,26.78252,26.5995,26.80715,26.58717,26.618,,26.20027,26.42488,26.49463,26.91207,26.57995,26.55292,26.38773,26.309,26.32133,26.26652,26.35927,26.65171,26.68079,26.74281,27.14989,26.80988,26.56421,26.75983,26.55579,26.52156,26.60681,26.78175,26.5937,26.68452,24.65215,26.40723,26.47979,26.61493,26.50994,26.55508,26.56677,26.53646,26.34034,25.92389,26.85766,26.20146,26.72748,26.91258,26.59621,26.92792,26.74806,26.85794,26.44254,26.27944,26.97942,26.63513,26.98579,26.46421,26.64977,26.55781,26.35417,26.735,26.59071,26.38069,26.46277,24.83417,26.34192,26.55873,26.88794,26.41008,27.18996,27.03608,26.81516,24.97289,25.03,27.00567,26.60444,27.06692,26.36794,26.4165,26.36163,26.33346,22.7059,26.47592,24.65071,28.05282636363636,4296.5998899999995
2022-10-26 17:00:00,43.98504,,2.816729,2.83125,2.829292,2.710042,2.833292,2.941895,2.801958,2.806479,2.924979,2.843354,2.760813,2.906021,2.992979,2.792166,2.8025,2.599646,2.971104,2.904854,2.766125,2.603708,2.938042,2.840563,2.74725,2.977813,2.870146,2.796167,2.944354,2.832583,2.793062,2.658271,2.868729,2.664042,2.811583,2.798854,2.423646,2.752667,,2.621458,2.115792,2.705271,2.071333,2.749146,2.916729,2.701604,2.755396,2.620813,2.621292,2.971646,2.287646,3.054187,2.744479,2.515292,2.661896,2.862229,2.636791,2.352541,2.994354,2.347146,2.831563,2.780979,2.302896,3.030917,2.365771,2.893375,2.37175,,2.594479,2.816979,2.816229,2.194729,2.794,2.308042,2.775021,2.995667,2.879541,2.712375,2.733708,2.738062,2.748708,2.823,3.046979,3.102417,2.758708,2.799437,2.822208,2.736562,2.815125,2.7505,2.743583,,2.674958,2.702812,2.733854,2.928667,2.722333,2.6045,2.715646,2.675625,2.721542,2.733333,2.776687,2.831,2.854458,2.711479,2.888521,2.815021,2.759813,2.830062,2.759,2.528646,2.833646,2.686292,2.723291,2.721458,2.548812,2.821937,2.667146,2.673812,2.814125,2.717458,2.778979,2.704896,2.553604,2.675979,2.915979,2.705479,2.715,2.793104,2.575312,2.848292,3.002396,2.718563,2.72475,2.834375,2.88925,2.733104,2.7755,2.618375,2.718437,2.723646,2.649854,2.666917,2.683375,2.589375,2.790458,2.535375,2.565708,2.759042,2.993937,2.816458,2.819604,2.843958,2.871063,2.663063,2.780354,2.900584,2.720396,2.84375,2.626292,2.653084,2.675458,2.726979,2.412979,2.746063,2.507896,,443.570285
2022-10-26 18:00:00,0.2498188,,0.09420835,0.111,0.116,0.06420835,0.1115417,0.1465417,0.08625,0.08545835,0.1332083,0.1021667,0.074375,0.1023334,0.1563334,0.08904165,0.096375,0.07958335,0.1148333,0.1032083,0.06583335,0.08041665,0.111375,0.08316665,0.066,0.11125,0.09216665,0.08454165,0.112125,0.086125,0.07795835,0.07166665,0.09595835,0.07833335,0.08929165,0.10075,0.063875,0.1047916,,0.090125,0.05720835,0.07954165,0.04904167,0.08833335,0.1741666,0.06379165,0.08491665,0.141625,0.05879165,0.1795834,0.064875,0.2167647,0.094375,0.05508335,0.1874583,0.1060416,0.06125,0.05054165,0.1622083,0.05879165,0.09633335,0.09583335,0.05,0.1955877,0.05725,0.1079167,0.062625,,0.1107083,0.07904165,0.073625,0.06025,0.08354165,0.05525,0.070375,0.1384166,0.1131667,0.07375,0.0765,0.07854165,0.07991665,0.096125,0.1595,0.1965,0.070625,0.09883335,0.09025,0.07470835,0.09358335,0.07754165,0.07441665,,0.07695835,0.072875,0.07704165,0.1288334,0.07483335,0.05645835,0.07845835,0.07508335,0.080375,0.088625,0.08945835,0.108375,0.10525,0.06775,0.1017084,0.090125,0.08220835,0.099,0.085875,0.0355,0.1169583,0.07341665,0.074125,0.07479165,0.086875,0.1075417,0.0725,0.06475,0.098125,0.07116665,0.08941665,0.08558335,0.042625,0.07445835,0.113125,0.07775,0.06658335,0.09116665,0.040625,0.1087084,0.17075,0.083125,0.07541665,0.1142083,0.1150834,0.08279165,0.09633335,0.05641665,0.07758335,0.07925,0.06625,0.07979165,0.07541665,0.05425,0.1018334,0.07220835,0.046,0.080875,0.1857917,0.1126667,0.08929165,0.0985,0.1124166,0.113625,0.1508334,0.1711667,0.08441665,0.09916665,0.06116665,0.07075,0.07666665,0.08554165,0.08766665,0.08583335,0.07004165,,14.945727569999999
2022-10-26 19:00:00,0.0,,,,,,,,,,,,,,,,,,,,,,,,,,,,,,,,,,,,,,,,,,,,,,,,,,,,,,,,,,,,,,,,,,,,,,,,,,,,,,,,,,,,,,,,,,,,,,,,,,,,,,,,,,,,,,,,,,,,,,,,,,,,,,,,,,,,,,,,,,,,,,,,,,,,,,,,,,,,,,,,,,,,,,,,0.0
2022-10-26 20:00:00,0.0,,,,,,,,,,,,,,,,,,,,,,,,,,,,,,,,,,,,,,,,,,,,,,,,,,,,,,,,,,,,,,,,,,,,,,,,,,,,,,,,,,,,,,,,,,,,,,,,,,,,,,,,,,,,,,,,,,,,,,,,,,,,,,,,,,,,,,,,,,,,,,,,,,,,,,,,,,,,,,,,,,,,,,,,0.0
2022-10-26 21:00:00,0.0,,,,,,,,,,,,,,,,,,,,,,,,,,,,,,,,,,,,,,,,,,,,,,,,,,,,,,,,,,,,,,,,,,,,,,,,,,,,,,,,,,,,,,,,,,,,,,,,,,,,,,,,,,,,,,,,,,,,,,,,,,,,,,,,,,,,,,,,,,,,,,,,,,,,,,,,,,,,,,,,,,,,,,,,0.0
2022-10-26 22:00:00,0.0,,,,,,,,,,,,,,,,,,,,,,,,,,,,,,,,,,,,,,,,,,,,,,,,,,,,,,,,,,,,,,,,,,,,,,,,,,,,,,,,,,,,,,,,,,,,,,,,,,,,,,,,,,,,,,,,,,,,,,,,,,,,,,,,,,,,,,,,,,,,,,,,,,,,,,,,,,,,,,,,,,,,,,,,0.0
2022-10-26 23:00:00,0.0,,,,,,,,,,,,,,,,,,,,,,,,,,,,,,,,,,,,,,,,,,,,,,,,,,,,,,,,,,,,,,,,,,,,,,,,,,,,,,,,,,,,,,,,,,,,,,,,,,,,,,,,,,,,,,,,,,,,,,,,,,,,,,,,,,,,,,,,,,,,,,,,,,,,,,,,,,,,,,,,,,,,,,,,0.0
2022-10-27 00:00:00,0.0,,,,,,,,,,,,,,,,,,,,,,,,,,,,,,,,,,,,,,,,,,,,,,,,,,,,,,,,,,,,,,,,,,,,,,,,,,,,,,,,,,,,,,,,,,,,,,,,,,,,,,,,,,,,,,,,,,,,,,,,,,,,,,,,,,,,,,,,,,,,,,,,,,,,,,,,,,,,,,,,,,,,,,,,0.0
2022-10-27 01:00:00,0.0,,,,,,,,,,,,,,,,,,,,,,,,,,,,,,,,,,,,,,,,,,,,,,,,,,,,,,,,,,,,,,,,,,,,,,,,,,,,,,,,,,,,,,,,,,,,,,,,,,,,,,,,,,,,,,,,,,,,,,,,,,,,,,,,,,,,,,,,,,,,,,,,,,,,,,,,,,,,,,,,,,,,,,,,0.0
2022-10-27 02:00:00,0.0,,,,,,,,,,,,,,,,,,,,,,,,,,,,,,,,,,,,,,,,,,,,,,,,,,,,,,,,,,,,,,,,,,,,,,,,,,,,,,,,,,,,,,,,,,,,,,,,,,,,,,,,,,,,,,,,,,,,,,,,,,,,,,,,,,,,,,,,,,,,,,,,,,,,,,,,,,,,,,,,,,,,,,,,0.0
2022-10-27 03:00:00,0.0,,,,,,,,,,,,,,,,,,,,,,,,,,,,,,,,,,,,,,,,,,,,,,,,,,,,,,,,,,,,,,,,,,,,,,,,,,,,,,,,,,,,,,,,,,,,,,,,,,,,,,,,,,,,,,,,,,,,,,,,,,,,,,,,,,,,,,,,,,,,,,,,,,,,,,,,,,,,,,,,,,,,,,,,0.0
2022-10-27 04:00:00,0.0,,,,,,,,,,,,,,,,,,,,,,,,,,,,,,,,,,,,,,,,,,,,,,,,,,,,,,,,,,,,,,,,,,,,,,,,,,,,,,,,,,,,,,,,,,,,,,,,,,,,,,,,,,,,,,,,,,,,,,,,,,,,,,,,,,,,,,,,,,,,,,,,,,,,,,,,,,,,,,,,,,,,,,,,0.0
2022-10-27 05:00:00,0.0,,,,,,,,,,,,,,,,,,,,,,,,,,,,,,,,,,,,,,,,,,,,,,,,,,,,,,,,,,,,,,,,,,,,,,,,,,,,,,,,,,,,,,,,,,,,,,,,,,,,,,,,,,,,,,,,,,,,,,,,,,,,,,,,,,,,,,,,,,,,,,,,,,,,,,,,,,,,,,,,,,,,,,,,0.0
2022-10-27 06:00:00,0.0,,,,,,,,,,,,,,,,,,,,,,,,,,,,,,,,,,,,,,,,,,,,,,,,,,,,,,,,,,,,,,,,,,,,,,,,,,,,,,,,,,,,,,,,,,,,,,,,,,,,,,,,,,,,,,,,,,,,,,,,,,,,,,,,,,,,,,,,,,,,,,,,,,,,,,,,,,,,,,,,,,,,,,,,0.0
2022-10-27 07:00:00,2.857912,,0.4879446,0.6584167,0.6337779,0.2848889,0.4744168,0.6731944,0.3616667,0.4128888,0.6168611,0.4293054,0.4808889,0.3316389,0.6928889,0.3310556,0.4660833,0.5016665,0.3535,0.4328057,0.2025278,0.3379166,0.403889,0.3479445,0.4154722,0.3543889,0.4164722,0.4421946,0.3736945,0.3898332,0.3056944,0.2814445,0.3951112,0.2850278,0.3783611,0.2826111,0.2464167,0.3633056,,0.2913056,0.2507778,0.2753333,0.2849444,0.4285832,0.5761666,0.2789167,0.2620833,0.6140556,0.1966389,0.6146944,0.2924722,0.6003332,0.3520555,0.2121945,0.6228057,0.4904446,0.2626111,0.3281111,0.39475,0.1898889,0.4264443,0.4461666,0.3887501,0.6824445,0.32125,0.3525555,0.3242778,,0.4235279,0.36775,0.3735833,0.2833055,0.3965279,0.2935,0.3598611,0.6010001,0.5221946,0.3765833,0.4589166,0.529361,0.4950557,0.4973056,0.7264723,0.7530834,0.4535556,0.5216111,0.473861,0.4252499,0.5258333,0.3625278,0.5541668,,0.5093334,0.4368612,0.4687501,0.5786111,0.6013333,0.2326111,0.31975,0.5270279,0.4690832,0.5650278,0.5337221,0.5709166,0.5849445,0.4504722,0.5484446,0.5385,0.5090834,0.4843888,0.5055832,0.2048611,0.5961946,0.2951667,0.4404722,0.3841112,0.39,0.6678056,0.4949722,0.3990277,0.5636389,0.4499167,0.5457499,0.4147222,0.2952222,0.4553057,0.4496943,0.4776946,0.3440556,0.5671666,0.3128056,0.531139,0.7527222,0.4862221,0.5753056,0.577639,0.4886666,0.5271946,0.5117776,0.2744445,0.4100001,0.4170554,0.3343333,0.3820279,0.4073888,0.2228333,0.5598333,0.4080557,0.286,0.4435832,0.6253889,0.4725278,0.4969166,0.4545834,0.6730278,0.5953057,0.6805277,0.6498333,0.5027778,0.5858612,0.34575,0.4524443,0.5281668,0.5062501,0.429,0.5244721,0.3266111,,72.01077910000001
2022-10-27 08:00:00,132.765,,8.449126,8.81702,9.497811,9.666,10.32971,10.51835,10.50475,10.23671,11.19033,9.389647,10.9161,8.597814,11.10537,7.95,7.621061,10.05967,7.527749,10.68156,6.912793,9.384273,7.003083,6.357042,10.2436,6.518396,9.723312,5.192125,5.52025,9.958937,5.06725,4.861188,9.818103,4.977271,8.903355,4.771041,7.435626,4.798333,,5.122271,6.568917,5.69798,6.170271,6.113124,6.726728,9.049126,6.142209,8.73296,6.011104,6.355875,7.790645,5.85175,5.206833,5.632667,7.94023,7.319166,6.500374,8.946794,7.840458,8.400543,7.931208,7.688666,10.23223,8.517042,9.128207,8.337168,8.750291,,8.758,10.15158,10.41881,7.617771,10.10227,8.485146,10.26267,11.58683,11.39748,11.07196,11.25904,11.25792,11.37023,11.34469,11.80123,11.78117,11.30721,10.87862,11.23569,11.20571,11.21938,10.86675,11.36775,,11.24417,10.99736,11.20904,11.36208,11.59204,10.50535,10.99648,11.09904,11.17765,10.77706,11.34265,11.18913,11.48098,11.15058,11.48313,11.34238,11.2265,10.92371,11.33056,10.37779,11.50231,10.57761,11.17552,10.5956,10.31831,11.20798,11.23625,10.93265,11.43331,10.98263,11.29429,10.75762,10.58704,10.4595,11.13638,10.53917,10.87771,11.18112,10.61339,10.65129,11.60323,10.80252,11.21317,10.63804,11.00113,11.30435,11.28415,10.62644,11.06719,10.88977,10.91608,10.91117,11.07319,10.16181,11.23856,10.21031,10.6701,11.00929,11.52821,10.70052,11.78985,10.8206,11.67752,10.38973,10.94912,11.36586,11.31446,11.36854,10.89698,10.50492,11.31202,10.92254,9.48127,11.23448,10.025,11.42134696969697,1575.72698
2022-10-27 09:00:00,298.7202,,27.00802,29.11225,29.36629,29.22046,29.2574,28.91398,29.21613,28.67418,29.81817,28.69798,29.73308,27.76485,29.45246,25.47217,24.34414,27.1375,24.38737,29.45175,24.23648,26.69004,24.70461,23.88671,28.79988,22.27231,28.69888,21.46087,21.50064,28.87396,21.43373,20.27789,28.90573,19.19573,28.39679,19.23948,24.67442,18.00323,,20.40119,22.0385,23.56106,21.2324,24.0526,23.04065,28.44554,22.63129,24.84429,21.22119,21.10265,24.238,21.43871,21.30327,23.16291,23.96585,25.05373,23.94135,25.61221,24.41471,25.01586,24.38292,24.36912,24.98173,26.26409,25.07481,28.15852,24.89821,,25.15171,29.56971,29.56562,22.0749,28.69721,23.94956,28.8821,30.17002,30.09612,29.63494,29.84644,29.78683,30.08475,30.02194,30.53104,30.44458,30.03648,29.63117,29.87148,29.66179,29.88675,29.38281,29.97887,,29.42477,29.40792,29.53025,29.88223,29.98412,29.20608,29.45131,29.26583,29.51558,29.2271,29.67304,29.62058,29.97742,29.74869,30.20442,29.88938,29.55379,29.35098,29.71684,28.9981,29.83771,29.23865,29.71898,29.39675,27.53721,29.33202,29.69627,29.4644,29.71525,29.51262,29.65275,29.11267,29.11975,28.36725,29.69158,28.59518,29.55668,29.61515,29.48967,29.06288,29.9814,29.41781,29.50454,28.78285,29.56733,29.58263,29.97115,28.96519,29.51935,29.18215,29.12675,29.24389,29.59677,28.75512,29.4575,27.30883,29.10127,29.37052,29.8074,28.979,30.44419,29.74117,30.02475,27.70893,28.04096,29.88915,29.60054,29.86533,29.23335,28.93529,29.38875,29.00815,25.19367,29.4,27.03884,29.95158787878788,4470.160110000001
2022-10-27 10:00:00,696.4236,,52.27111,52.08275,52.0756,52.17198,51.96121,51.60979,51.98896,51.22304,52.60952,51.5315,52.735,51.29287,51.96741,50.62475,49.26498,48.26346,47.28271,52.45515,49.58059,48.01402,51.36725,46.27381,51.68948,44.69225,51.71215,48.50998,47.89852,51.91252,45.52692,42.90219,51.94529,40.75266,51.15325,42.36773,44.56415,40.04131,,43.58323,40.00396,48.90627,39.13256,48.95852,46.10875,51.55561,46.32546,44.26683,45.43942,44.71629,43.7204,44.90286,43.14265,47.25608,43.00579,50.64002,46.69062,45.26958,45.51011,44.81869,45.37148,45.38955,44.42385,50.64061,44.64119,51.67083,44.41306,,44.9057,52.74781,52.62167,40.09073,51.20465,43.24921,51.94573,52.82211,52.72231,52.30529,52.52302,52.5606,52.90075,52.89635,53.40977,53.334,53.07673,52.31919,52.68692,52.25792,52.77454,52.03846,52.75421,,51.73679,51.84902,52.0019,52.42921,52.61483,51.98661,52.08504,51.66373,51.91156,51.60658,52.09348,52.149,52.65052,52.48669,53.15858,52.62133,52.07483,51.90923,52.23286,51.68925,52.25502,51.92402,52.27365,52.06233,48.48283,51.46487,52.26004,52.00117,52.08077,52.08171,52.01815,51.49419,51.67494,50.53516,52.27391,50.95517,52.19427,52.09252,52.2431,51.92535,51.99135,51.90017,51.68354,50.91315,52.24265,52.06227,52.77625,51.31113,52.1025,51.49987,51.53954,51.79471,52.16906,51.14288,51.71567,48.04658,51.59317,51.82473,52.26348,51.04481,53.03571,51.9276,52.37613,48.51923,48.84269,52.39673,52.14781,52.38284,51.63202,51.41656,51.58621,50.96812,44.36771,51.4339,47.93823,52.666740303030295,8104.80101
2022-10-27 11:00:00,887.3231,,61.15946,60.93435,60.82331,61.63327,61.00075,60.05133,60.92556,58.74504,61.022,60.83854,60.79848,60.98161,60.10319,60.86486,60.60683,59.08915,58.89037,61.22765,60.91241,59.19252,60.99189,60.93215,60.81727,60.08463,61.05756,61.10929,60.52961,61.04721,60.53334,59.51414,61.60617,58.46373,60.82969,59.62981,55.24925,58.74756,,58.38952,49.58321,60.54827,48.80214,60.2385,59.08038,60.9385,60.98244,54.53048,61.32965,59.61288,54.18194,57.9639,59.40571,59.65881,53.44112,60.94287,60.67421,55.33333,58.23275,54.90944,59.90606,59.48775,54.34213,59.96871,54.6855,59.76329,54.49083,,55.18962,61.15215,61.09311,49.69212,60.97567,53.49216,60.94592,60.15108,61.18819,60.89577,60.83829,60.88385,60.97427,60.96416,61.37187,60.1241,60.89436,60.92215,60.9141,60.94761,60.91373,60.05119,60.88063,,60.65839,60.75169,60.7446,61.0785,59.19727,60.80146,61.12567,60.56858,60.84979,60.578,60.89111,60.91119,61.27677,60.91479,61.10463,60.91837,60.90404,61.2324,60.93354,60.88231,60.96613,60.89844,60.93896,61.07494,58.86033,60.6684,60.69685,60.78342,59.29094,60.99606,60.88827,60.77627,60.86312,60.46252,61.21444,60.6945,61.00685,61.04092,60.77619,61.05046,60.09327,60.86996,60.56098,59.98365,61.01517,60.83375,60.98619,60.84231,60.88056,60.78133,60.87606,61.22412,60.97325,60.62427,60.00475,58.62931,60.87463,60.87775,48.01073,59.96448,60.88115,60.89677,60.83683,58.8575,59.19054,60.05912,60.89791,60.80164,60.8914,60.69425,60.67692,60.54744,54.09689,60.80702,58.6689,61.13125242424242,9685.80631
2022-10-27 12:00:00,977.3738,,61.22146,61.03504,60.92165,61.88538,61.17115,60.14129,61.07127,57.31804,61.07412,61.07225,60.83296,61.2934,60.13473,61.22579,61.02321,61.0115,47.56473,61.32161,61.12717,61.08777,61.16971,61.19588,60.95802,61.25904,61.223,61.41489,61.30129,61.17533,61.11804,61.19088,61.83471,61.25594,61.09031,61.34031,58.50977,61.23962,,61.16558,52.71075,61.17523,52.3305,61.2366,60.13096,61.12577,61.38619,57.54625,61.9964,60.13677,57.64087,60.13102,61.35777,61.12044,56.51859,61.37125,61.26021,58.24094,61.50636,57.84773,61.26644,61.11417,56.83686,60.14317,57.67877,59.59883,57.61269,,58.34202,61.22377,61.14721,52.77373,61.36123,56.89404,61.10929,60.15483,61.27898,61.04281,60.92635,60.91677,61.01987,60.98548,61.39385,60.12259,60.91735,60.99723,60.97189,61.06762,60.94485,60.07621,60.92208,,60.87871,60.94821,60.90894,61.19484,59.17375,60.97586,61.39833,60.74669,61.06877,60.77183,61.11281,61.0805,61.431,60.98863,61.1366,60.991,61.08933,61.47514,61.0829,61.09054,61.11481,61.03344,61.06915,61.26529,61.21267,60.94877,60.78452,60.91867,59.30481,61.18077,61.07629,61.06448,61.13438,61.00763,61.40696,61.09881,61.16085,61.17325,60.86508,61.25504,60.1591,61.00248,60.70471,60.12842,61.12069,60.97644,61.02567,61.17181,61.00379,61.02861,61.20779,61.52204,61.14135,60.95258,60.07415,61.30802,61.171,61.08523,50.66681,60.13369,60.91904,61.11588,60.91433,61.19375,61.19956,60.05309,61.02679,60.86021,61.1394,60.95758,60.92215,61.00944,57.17969,61.15461,61.27448,61.380919090909096,9787.71285
2022-10-27 13:00:00,974.4818,,61.22284,61.02481,60.90631,61.92442,61.19277,60.10581,61.08718,58.16436,61.06983,61.08983,60.81567,61.31559,60.06467,61.24042,61.02164,60.83744,48.48329,61.33402,61.18646,60.97652,61.17379,61.20729,60.97648,61.27696,61.24169,61.43813,61.31719,61.19841,61.14623,61.17379,61.84671,61.22087,61.11377,61.33396,57.60888,61.17375,,61.05788,51.62862,61.19264,51.50015,61.22542,60.06827,61.16869,61.42984,56.62486,61.93108,60.05808,56.51313,60.13216,61.3565,61.06908,55.2115,61.37437,61.28221,57.02383,48.35075,56.73713,61.27754,61.12239,55.93925,60.09129,56.56459,61.33254,56.46017,,57.28729,61.24931,61.17212,52.02362,61.39248,55.83642,61.11146,60.14096,60.76402,60.53142,60.6076,60.93825,60.67944,60.99952,61.39986,60.08208,60.94221,61.01354,60.48408,61.08046,60.97277,60.01573,60.41602,,60.30917,60.94908,60.25119,60.66523,58.66948,65.0954,66.34582,60.75683,60.71304,60.74631,61.08031,61.09529,61.40344,61.00536,61.15067,60.46846,61.06967,61.49131,61.05494,60.61113,61.09761,61.07744,60.28637,60.77231,60.527,60.90685,60.76965,60.42052,59.31325,61.17987,61.04802,61.06444,61.12569,60.48633,61.40548,61.09327,60.63836,61.14346,60.88496,60.67469,60.11817,60.19181,59.99563,60.09106,61.12688,60.95894,61.02767,61.17767,61.01192,61.02589,60.68092,61.52323,60.55642,60.94119,60.04988,60.88396,61.16431,61.07096,50.11025,60.06271,60.91652,61.12067,60.89938,60.70421,60.93935,59.95846,61.02829,60.84238,61.13364,60.93952,60.88994,60.97504,56.35525,61.12358,60.97779,61.63696181818182,9755.79759
2022-10-27 14:00:00,881.2591,,60.34377,59.83844,59.78852,60.28308,59.95873,59.11283,59.93652,58.35592,60.08646,60.30775,60.0749,60.42415,59.28658,60.22081,59.9941,56.38,47.2131,60.5131,60.72144,57.02468,60.67682,60.75764,60.12038,60.783,60.47246,60.90927,60.49394,60.39369,60.33585,58.79848,60.71506,57.98848,60.06898,59.33485,53.25675,58.06675,,56.92985,47.50314,59.87794,46.94663,58.89833,57.23812,60.0876,59.93556,52.11541,59.60481,58.41185,51.68025,59.1659,58.62413,57.30365,50.35183,59.58965,59.11819,52.19946,43.59133,51.75115,59.41756,58.87923,51.37534,58.49319,51.8371,59.65117,51.80412,,52.89861,60.32988,60.23798,48.10815,59.53719,51.48469,60.07182,59.1806,59.50604,59.33379,59.46367,59.53062,59.73965,59.75875,60.12732,59.35915,59.91341,59.5074,59.76931,59.429,59.64269,58.82307,59.52311,,58.96085,59.136,59.17104,59.58571,58.48004,59.47865,59.43771,58.97725,59.04171,58.70979,59.22008,59.48477,59.7566,59.71444,60.15889,59.70612,59.44448,59.70348,59.433,59.46519,59.56533,59.60325,59.5341,59.68193,55.5286,58.81719,59.37987,59.38113,58.32167,59.43979,59.25542,59.1069,59.29448,58.53179,59.64771,58.85852,59.52665,59.58975,59.45875,59.65744,58.68894,59.48212,58.83281,58.2896,59.75112,59.383,59.78131,59.11833,59.417,59.05002,59.1186,59.62585,59.4441,58.80448,58.60754,55.38069,59.1656,59.25263,47.33181,58.09092,59.7575,59.25194,59.36983,55.78531,56.119,58.93813,59.57067,59.52567,59.23766,59.20625,59.07444,58.65252,51.26984,58.91292,55.50085,60.27790121212122,9436.730739999999
2022-10-27 15:00:00,721.7001,,50.47281,49.6834,49.72458,49.98671,49.85857,49.59029,50.05281,49.98861,50.08696,50.94519,50.50202,51.13438,49.99954,50.74966,50.59402,46.39344,40.78844,50.77842,52.21915,47.07592,52.3171,52.42709,50.44296,52.38412,50.96994,52.50367,51.33263,50.85008,51.25743,48.8904,50.68131,47.80871,50.27256,49.16519,44.00765,47.9991,,46.9854,39.09015,49.85631,38.7191,48.57438,47.02267,50.08698,49.69806,43.03856,49.29211,48.24133,42.58377,49.61127,48.14092,46.55602,41.2411,49.01891,48.55381,42.70763,35.91117,42.39933,49.24415,48.56494,42.14654,48.52806,42.62248,49.49117,42.696,,43.63598,50.69938,50.60564,40.04667,49.38204,42.69398,50.39037,49.52734,48.86834,49.04677,49.08154,49.34352,49.38365,49.68248,50.02723,49.99752,49.78198,49.17419,49.44448,48.97456,49.50775,48.85498,49.16188,,48.39104,48.5901,48.86019,49.21621,49.05102,48.9654,48.71883,48.46942,48.6011,48.17788,48.6146,48.85821,49.14298,49.20879,49.9345,49.48304,49.07077,49.17371,49.03935,48.95927,49.15885,49.19296,49.15117,49.13254,45.55806,48.31658,49.00421,48.85886,48.80823,48.84688,49.0084,48.58573,48.89054,47.76756,49.37889,48.17583,49.3326,49.23396,49.29815,49.20523,48.99202,49.23021,48.64758,47.99031,49.399,49.24819,50.01669,48.71969,49.44835,48.77567,48.85558,49.17444,49.26523,48.53117,48.82816,45.58858,48.83881,48.80809,39.10735,48.2535,49.96832,49.17535,49.40342,45.84248,46.07579,49.56729,49.42067,49.664,48.99658,48.7696,48.79665,48.2525,42.05663,48.59716,45.472,50.747751515151506,7831.078149999999
2022-10-27 16:00:00,491.9736,,33.59081,33.05671,33.07283,33.24992,33.23925,33.06898,33.41231,33.60871,33.44327,34.47877,33.73619,34.78448,33.50196,34.43102,34.48133,31.00506,32.28371,34.00288,35.71666,31.64552,35.93352,36.07796,33.91629,36.17494,34.39677,36.30277,35.10762,34.17883,34.9515,33.16496,34.02071,32.19979,33.87532,33.0285,29.57744,31.32107,,30.91669,26.00154,33.2786,25.8355,32.46552,31.26352,33.32696,33.15908,28.98496,32.6656,31.6985,28.43546,32.77844,31.55419,30.33327,26.88306,32.36842,31.82287,28.21917,24.48281,27.87694,32.83144,32.21152,27.90177,32.20296,28.37,32.88537,28.538,,29.34835,33.63498,33.64392,27.20091,32.93381,28.897,33.63792,32.82988,32.18164,32.44965,32.41383,32.63121,32.60592,32.88219,33.17305,33.08052,32.82615,32.45665,32.68883,32.34808,32.69029,32.29885,32.45546,,31.96927,32.1871,32.28898,32.68306,32.41282,32.47865,32.18773,32.0859,32.06679,31.79,32.16584,32.43489,32.54686,32.59519,33.06311,32.7095,32.41796,32.62614,32.34933,32.32898,32.51188,32.64492,32.438,32.53479,30.09606,32.09521,32.33138,32.35579,32.28967,32.32932,32.36456,32.19865,32.24609,31.24181,32.66369,31.8521,32.62188,32.70106,32.5239,32.77138,32.56069,32.74069,32.12494,31.6816,32.81352,32.54417,33.06894,32.23644,32.6854,32.30492,32.34436,32.67844,32.52521,32.07675,32.25673,30.23652,32.17963,32.26817,26.61869,31.908,33.08346,32.69675,32.73021,30.45704,30.54169,32.82687,32.61677,32.92942,32.26735,32.04585,32.21486,32.05219,27.79079,32.16852,30.00887,34.170704848484846,5213.1243
2022-10-27 17:00:00,173.7255,,11.13473,10.19369,10.53396,10.77948,10.76087,10.61615,11.05027,11.46498,10.84954,12.03965,11.01902,12.28533,11.22619,12.22898,12.28337,10.23927,12.95312,11.42758,12.927,10.82152,13.22973,13.29802,11.47913,13.48571,11.78179,13.59325,12.82335,11.59013,12.63256,11.854,11.37194,11.14579,11.276,11.24177,9.952812,9.996563,,10.10404,8.44948,10.8379,8.407603,10.43265,10.18594,10.71796,10.11431,9.660187,9.983123,9.42948,9.306458,9.956104,9.292561,8.868021,8.447874,10.1634,9.196708,8.814396,7.705999,8.419083,10.48173,10.40367,8.532606,10.4201,8.941252,10.60742,9.119458,,9.737855,11.20194,11.32967,9.262834,11.21973,9.627375,11.59638,10.04388,9.674418,9.416125,9.346979,9.705626,9.537083,9.949249,9.934938,9.957709,9.636335,9.347667,9.771811,9.628019,9.721478,9.656397,9.560167,,9.056541,9.743792,9.282981,9.892353,9.247251,9.651334,9.282895,9.495936,9.119729,9.224584,9.34075,9.785062,9.468082,9.707126,9.951083,9.775645,9.58302,9.985354,9.493083,9.799644,9.566981,9.941708,9.322666,9.642584,8.619751,9.779873,9.168918,9.917583,9.37527,9.607227,9.884333,9.924769,9.569564,9.390145,9.913708,9.62546,9.648271,10.05944,9.524167,10.12065,9.875855,9.678897,9.486105,9.526333,10.15448,9.989041,10.17008,10.04427,10.00767,10.14679,10.00902,10.23342,9.946398,9.671314,9.826853,9.581646,9.693874,9.958206,10.32248,9.914229,9.948645,10.5506,9.883729,9.526917,9.380624,10.14592,9.855751,10.31656,9.849105,9.3815,9.920188,10.08654,8.540105,10.09504,9.27375,11.83939606060606,1641.931671
2022-10-27 18:00:00,0.0,,0.07466665,0.06795835,0.08675,0.040625,0.0795,0.124,0.071625,0.06058335,0.089625,0.061,0.04416667,0.07654165,0.126625,0.07316665,0.065875,0.055625,0.09704165,0.08345835,0.0555,0.05870835,0.084,0.06983335,0.05441665,0.09079165,0.06554165,0.1365416,0.089375,0.070375,0.05658335,0.04775,0.06579165,0.05641665,0.06508335,0.074875,0.04275,0.082125,,0.05916665,0.036625,0.05475,0.02970834,0.071,0.154375,0.0485,0.06041665,0.1331667,0.03616667,0.179625,0.04379167,0.2085655,0.06454165,0.034875,0.17875,0.09408335,0.040125,0.03925,0.1898405,0.04725,0.068375,0.072,0.03545833,0.1757778,0.04941666,0.077875,0.042,,0.08675,0.05179165,0.04829167,0.04183333,0.06733335,0.03475,0.04616667,0.1049583,0.087125,0.06025,0.05058335,0.05220835,0.05620835,0.07075,0.1635,0.1752917,0.0435,0.06608335,0.07016665,0.05066665,0.07104165,0.05458335,0.04466667,,0.05675,0.05408335,0.05166665,0.1283333,0.04383333,0.04445833,0.06283335,0.04504167,0.05354165,0.05925,0.06833335,0.061625,0.077625,0.04575,0.07704165,0.063875,0.06325,0.08316665,0.05883335,0.022125,0.1262916,0.04841667,0.05408335,0.06041665,0.06925,0.07145835,0.04554167,0.04395833,0.068875,0.04995833,0.06733335,0.0535,0.03041667,0.05754165,0.08004165,0.05508335,0.0435,0.05333335,0.0255,0.08491665,0.1709584,0.05241665,0.03954167,0.08658335,0.08858335,0.05541665,0.06425,0.03854166,0.05279165,0.05379165,0.05266665,0.07875,0.05620835,0.04895834,0.07433335,0.05666665,0.03229167,0.0515,0.2149176,0.07875,0.06445835,0.07570835,0.07170835,0.07466665,0.1395417,0.1367083,0.06783335,0.07520835,0.039375,0.0505,0.04754167,0.062,0.07475,0.05883335,0.05691665,,11.52376804
2022-10-27 19:00:00,0.0,,,,,,,,,,,,,,,,,,,,,,,,,,,,,,,,,,,,,,,,,,,,,,,,,,,,,,,,,,,,,,,,,,,,,,,,,,,,,,,,,,,,,,,,,,,,,,,,,,,,,,,,,,,,,,,,,,,,,,,,,,,,,,,,,,,,,,,,,,,,,,,,,,,,,,,,,,,,,,,,,,,,,,,,0.0
2022-10-27 20:00:00,0.0,,,,,,,,,,,,,,,,,,,,,,,,,,,,,,,,,,,,,,,,,,,,,,,,,,,,,,,,,,,,,,,,,,,,,,,,,,,,,,,,,,,,,,,,,,,,,,,,,,,,,,,,,,,,,,,,,,,,,,,,,,,,,,,,,,,,,,,,,,,,,,,,,,,,,,,,,,,,,,,,,,,,,,,,0.0
2022-10-27 21:00:00,0.0,,,,,,,,,,,,,,,,,,,,,,,,,,,,,,,,,,,,,,,,,,,,,,,,,,,,,,,,,,,,,,,,,,,,,,,,,,,,,,,,,,,,,,,,,,,,,,,,,,,,,,,,,,,,,,,,,,,,,,,,,,,,,,,,,,,,,,,,,,,,,,,,,,,,,,,,,,,,,,,,,,,,,,,,0.0
2022-10-27 22:00:00,0.0,,,,,,,,,,,,,,,,,,,,,,,,,,,,,,,,,,,,,,,,,,,,,,,,,,,,,,,,,,,,,,,,,,,,,,,,,,,,,,,,,,,,,,,,,,,,,,,,,,,,,,,,,,,,,,,,,,,,,,,,,,,,,,,,,,,,,,,,,,,,,,,,,,,,,,,,,,,,,,,,,,,,,,,,0.0
2022-10-27 23:00:00,0.0,,,,,,,,,,,,,,,,,,,,,,,,,,,,,,,,,,,,,,,,,,,,,,,,,,,,,,,,,,,,,,,,,,,,,,,,,,,,,,,,,,,,,,,,,,,,,,,,,,,,,,,,,,,,,,,,,,,,,,,,,,,,,,,,,,,,,,,,,,,,,,,,,,,,,,,,,,,,,,,,,,,,,,,,0.0
2022-10-28 00:00:00,0.0,,,,,,,,,,,,,,,,,,,,,,,,,,,,,,,,,,,,,,,,,,,,,,,,,,,,,,,,,,,,,,,,,,,,,,,,,,,,,,,,,,,,,,,,,,,,,,,,,,,,,,,,,,,,,,,,,,,,,,,,,,,,,,,,,,,,,,,,,,,,,,,,,,,,,,,,,,,,,,,,,,,,,,,,0.0
2022-10-28 01:00:00,0.0,,,,,,,,,,,,,,,,,,,,,,,,,,,,,,,,,,,,,,,,,,,,,,,,,,,,,,,,,,,,,,,,,,,,,,,,,,,,,,,,,,,,,,,,,,,,,,,,,,,,,,,,,,,,,,,,,,,,,,,,,,,,,,,,,,,,,,,,,,,,,,,,,,,,,,,,,,,,,,,,,,,,,,,,0.0
2022-10-28 02:00:00,0.0,,,,,,,,,,,,,,,,,,,,,,,,,,,,,,,,,,,,,,,,,,,,,,,,,,,,,,,,,,,,,,,,,,,,,,,,,,,,,,,,,,,,,,,,,,,,,,,,,,,,,,,,,,,,,,,,,,,,,,,,,,,,,,,,,,,,,,,,,,,,,,,,,,,,,,,,,,,,,,,,,,,,,,,,0.0
2022-10-28 03:00:00,0.0,,,,,,,,,,,,,,,,,,,,,,,,,,,,,,,,,,,,,,,,,,,,,,,,,,,,,,,,,,,,,,,,,,,,,,,,,,,,,,,,,,,,,,,,,,,,,,,,,,,,,,,,,,,,,,,,,,,,,,,,,,,,,,,,,,,,,,,,,,,,,,,,,,,,,,,,,,,,,,,,,,,,,,,,0.0
2022-10-28 04:00:00,0.0,,,,,,,,,,,,,,,,,,,,,,,,,,,,,,,,,,,,,,,,,,,,,,,,,,,,,,,,,,,,,,,,,,,,,,,,,,,,,,,,,,,,,,,,,,,,,,,,,,,,,,,,,,,,,,,,,,,,,,,,,,,,,,,,,,,,,,,,,,,,,,,,,,,,,,,,,,,,,,,,,,,,,,,,0.0
2022-10-28 05:00:00,0.0,,,,,,,,,,,,,,,,,,,,,,,,,,,,,,,,,,,,,,,,,,,,,,,,,,,,,,,,,,,,,,,,,,,,,,,,,,,,,,,,,,,,,,,,,,,,,,,,,,,,,,,,,,,,,,,,,,,,,,,,,,,,,,,,,,,,,,,,,,,,,,,,,,,,,,,,,,,,,,,,,,,,,,,,0.0
2022-10-28 06:00:00,0.0,,,,,,,,,,,,,,,,,,,,,,,,,,,,,,,,,,,,,,,,,,,,,,,,,,,,,,,,,,,,,,,,,,,,,,,,,,,,,,,,,,,,,,,,,,,,,,,,,,,,,,,,,,,,,,,,,,,,,,,,,,,,,,,,,,,,,,,,,,,,,,,,,,,,,,,,,,,,,,,,,,,,,,,,0.0
2022-10-28 07:00:00,1.550965,,0.1045,0.1479722,0.1315556,0.05130557,0.1078889,0.1690556,0.07041667,0.08722223,0.1421389,0.09455556,0.1002222,0.07875,0.1704167,0.07047223,0.11025,0.10175,0.08708333,0.09627777,0.0406111,0.0746389,0.1121111,0.09133333,0.0796389,0.09869444,0.09802777,0.1208889,0.1085278,0.08944444,0.08158334,0.06666667,0.08397223,0.0798889,0.09019443,0.08158334,0.0516111,0.1089167,,0.0846111,0.05858333,0.07158333,0.05244443,0.1111667,0.1713611,0.0593889,0.07116666,0.1650556,0.03966667,0.1707222,0.0651111,0.1678889,0.09452777,0.05019443,0.1609167,0.1239444,0.06277777,0.0643611,0.1230556,0.03944443,0.09841666,0.1034722,0.07247224,0.1633889,0.0608611,0.08558334,0.07022224,,0.1015278,0.07783333,0.08330557,0.05575,0.08583333,0.05522223,0.0716389,0.1380556,0.1159722,0.0726389,0.0931389,0.11625,0.1076667,0.1073611,0.1672778,0.1778611,0.09047224,0.1138056,0.1010278,0.091,0.1139167,0.07258333,0.1133333,,0.1021389,0.08322223,0.08875,0.1281944,0.1251111,0.05180557,0.06058333,0.1630833,0.09405556,0.1103333,0.108,0.1242222,0.1390556,0.09469444,0.1265278,0.1185,0.1065556,0.1066389,0.1087222,0.02616667,0.1300556,0.05725,0.08952776,0.075,0.08666667,0.1567778,0.1045556,0.07191667,0.1243611,0.09152777,0.1113611,0.08305556,0.05291667,0.08452777,0.09177776,0.0943889,0.06697223,0.1272222,0.05325,0.1120833,0.1886667,0.1025556,0.1192222,0.1238056,0.1180556,0.1097222,0.1090556,0.04791667,0.08666667,0.07741667,0.0665,0.08844443,0.086,0.03666667,0.1151667,0.07925,0.05058333,0.08577777,0.1408056,0.09894443,0.09383333,0.09091666,0.14825,0.1439444,0.1599167,0.1438333,0.09391667,0.1292222,0.06275,0.09169444,0.09902777,0.1054167,0.09583333,0.1126111,0.056,,15.955972779999998
2022-10-28 08:00:00,71.89789,,4.105542,4.337188,4.327104,3.799542,4.117437,4.420417,3.945896,4.01875,4.4025,4.032959,4.16125,3.955917,4.510208,3.783271,3.93575,3.870584,3.951896,4.115854,3.595,3.669146,3.996979,3.854584,3.978083,3.983666,4.121562,4.039437,3.940271,4.0275,3.776729,3.592625,4.055562,3.564083,3.953708,3.636354,3.28725,3.691208,,3.600875,2.922417,3.741937,2.870229,3.873041,4.24298,3.782,3.698187,3.923146,3.550875,4.26175,3.204937,4.225208,3.7515,3.449646,3.968542,4.114208,3.60575,3.4305,3.907063,3.210292,4.005875,3.898313,3.921813,4.465583,3.413354,3.974396,3.370063,,3.651479,3.98575,4.056896,2.970937,3.941937,3.226688,3.872771,4.480375,4.264604,3.983625,4.131729,4.184416,4.193208,4.220583,4.607833,4.666812,4.127625,4.151583,4.191479,4.121854,4.195458,4.025167,4.285916,,4.13925,4.058333,4.108854,4.331604,4.319771,3.685958,3.901729,4.176625,4.1065,4.190271,4.201563,4.223187,4.380208,4.120354,4.3395,4.277021,4.179104,4.175125,4.218792,3.650062,4.309271,3.794667,4.088583,3.926417,3.750646,4.356354,4.091458,4.001146,4.302437,4.083542,4.258208,3.975979,3.739708,4.010854,4.139354,4.038979,3.95625,4.279854,3.825,4.150771,4.633708,4.149979,4.290563,4.282063,4.234334,4.205063,4.170896,3.746896,4.010667,3.986667,3.907458,4.05125,4.028562,3.691104,4.263146,3.727229,3.770104,4.046729,4.403083,4.048104,4.234854,4.145229,4.460688,4.033646,4.239708,4.436771,4.118833,4.329062,3.890042,4.021167,4.136354,4.030479,3.480917,4.182854,3.594791,4.3636710303030295,647.325306
2022-10-28 09:00:00,326.3867,,23.00475,24.6035,24.66256,24.51662,24.57569,24.47273,24.53585,24.18025,25.04056,24.11823,24.96819,23.77752,24.86546,21.6625,21.10113,22.84879,21.19925,24.73044,20.91187,22.50129,21.26756,20.69488,24.26534,19.57414,24.20431,18.3346,19.07775,24.29346,19.08438,17.81181,24.34834,16.81825,23.93514,16.93888,20.71425,16.0911,,17.72023,18.45275,20.11087,17.87227,20.68306,20.01915,23.90111,19.44741,20.90431,18.34489,18.48825,20.25971,19.00535,18.48591,19.8766,20.32625,21.33208,20.53875,21.45602,20.81842,21.00144,20.8229,20.9894,21.00823,22.21819,21.05556,23.35337,20.90842,,21.21635,24.79204,24.7664,18.52387,24.13702,20.10067,24.16694,25.46838,25.23894,24.91304,25.02981,24.99656,25.25665,25.19589,25.74977,25.68025,25.23644,24.88757,25.18063,24.92677,25.19602,24.80017,25.20642,,24.79898,24.77509,24.76046,25.09269,25.28648,24.62412,24.83737,24.68983,24.76192,24.59798,24.95642,24.99233,25.31979,25.05442,25.478,25.17104,24.83459,24.75961,24.94258,24.39005,25.02852,24.62552,24.92375,24.69979,23.09566,24.6894,24.95773,24.81033,24.99171,24.80648,24.99,24.47675,24.39533,23.80079,24.99754,23.99919,24.84883,24.88017,24.69402,24.52487,25.26823,24.66852,24.81583,24.23554,24.91435,24.94069,25.27079,24.30654,24.87177,24.56219,24.51375,24.59552,24.96044,24.19969,24.85027,22.90327,24.5091,24.6235,25.18575,24.36567,25.62829,25.11135,25.33123,23.37634,23.60412,25.19156,24.87412,25.1345,24.62758,24.41291,24.69344,24.35994,21.14421,24.69173,22.74921,25.211173636363636,3777.6509399999995
2022-10-28 10:00:00,615.9765,,45.54052,45.53073,45.65058,45.72906,45.54313,45.28742,45.56411,44.98125,46.15202,45.18644,46.22334,44.90165,45.67614,44.23854,43.00952,42.34717,41.71579,45.98081,43.17608,42.20025,44.96744,40.81261,45.36269,40.07663,45.38356,42.03233,41.99402,45.55696,39.94748,37.82227,45.55394,36.24887,44.91744,36.80169,39.10313,35.08088,,37.91238,35.03792,42.38346,34.29627,42.50056,40.34112,45.21141,40.36204,38.81738,39.68965,39.15113,38.24886,39.9054,37.74635,40.81571,37.80473,44.12708,40.7165,39.81146,40.728,39.31889,39.74975,39.99913,39.02562,44.1381,39.22767,45.40252,38.99355,,39.48219,46.42729,46.29125,35.21673,44.99163,37.94675,45.60218,46.57381,46.26204,45.88169,46.10511,45.96927,46.50002,46.28941,46.94731,46.91321,46.68967,45.86302,46.43556,45.8404,46.4544,45.87248,46.49277,,45.45942,45.58771,45.52087,45.91814,46.25415,45.69844,45.77448,45.395,45.46752,45.29256,45.75979,45.78683,46.34483,46.0801,46.69398,46.18981,45.67313,45.58331,45.71893,45.37148,45.85387,45.60546,45.82469,45.72562,42.4981,45.20171,45.88769,45.66785,45.69754,45.69298,45.57156,45.19798,45.18031,44.27937,45.82167,44.67767,45.71642,45.74654,45.70887,45.56573,45.68902,45.50642,45.33,44.66265,45.87904,45.629,46.32594,45.05172,45.75479,45.23946,45.14569,45.45,45.78164,44.89196,45.42192,42.15548,45.21954,45.47631,45.89835,44.82538,46.73558,45.83871,45.97004,42.54252,42.90127,45.99858,45.75756,45.99958,45.31767,45.10318,45.30225,44.84959,38.96092,45.23729,42.09658,46.261735454545445,7111.44506
2022-10-28 11:00:00,767.2684,,55.53177,54.80994,54.97261,55.35635,55.09863,54.52216,55.03402,53.34437,55.42448,54.94761,55.45739,54.48685,54.76471,54.27008,53.80479,51.36621,46.66642,55.56015,54.96004,51.5644,55.05373,54.82615,54.998,54.01781,55.18819,54.46331,53.41548,55.28606,53.53336,51.26794,55.28681,49.81562,54.59277,51.03958,47.84364,49.851,,50.12092,42.90544,53.26823,42.24965,52.06573,51.27575,54.97325,53.84323,47.28442,53.33898,52.70784,46.7734,52.33979,51.67635,51.69942,46.4421,53.98875,53.28037,48.19102,45.25438,47.65371,53.14338,52.25879,47.21558,53.83987,47.52983,54.89838,47.2799,,48.04796,55.96004,55.81506,43.14071,54.60283,46.35371,55.27811,55.29136,55.25008,54.8344,55.22825,55.12154,55.60779,55.401,55.88071,55.58317,55.85687,54.97021,55.61037,54.91915,55.39254,54.73892,55.57385,,54.46004,54.50919,54.59287,55.08998,54.65383,54.77023,54.86381,54.33779,54.46062,54.46469,54.63285,54.88275,55.23152,55.19377,55.80248,55.24829,54.80235,54.90113,54.83332,54.71629,54.91048,54.85542,54.96302,54.95815,51.18902,54.21283,54.90806,54.80642,54.35064,54.80164,54.65881,54.41371,54.48077,53.61562,55.03517,53.99623,54.91375,55.01002,54.92062,54.85075,54.46915,54.78804,54.37808,53.96012,55.15483,54.77308,55.30588,54.4275,54.81135,54.38858,54.36161,54.85783,54.80367,54.1564,54.19498,50.87856,54.4646,54.74704,41.47648,53.84065,55.67227,54.81573,54.69294,51.09813,51.45412,54.65744,54.88346,54.82967,54.43944,54.41325,54.38359,53.66985,47.00085,54.08487,50.966,55.41797939393941,8645.978490000001
2022-10-28 12:00:00,833.8409,,58.33,57.18752,57.35248,57.86631,57.48988,56.87246,57.60238,52.40948,57.70475,57.47271,57.79133,57.49137,57.01181,57.37277,56.96892,54.27596,46.59856,57.96381,58.1744,54.64716,58.35644,58.1935,57.53623,58.07467,57.7265,56.71502,57.15408,57.79844,57.23852,55.49088,57.88296,54.39325,57.19537,55.47787,50.79731,54.86044,,54.19848,45.50617,56.60712,44.82888,55.68123,54.52137,57.38023,56.76511,49.94548,56.61536,55.56529,49.70648,56.65242,56.14787,54.70475,48.6494,56.84717,56.4464,50.78606,41.61512,49.98577,56.67042,56.57761,49.64479,56.06966,50.04354,57.24446,49.83248,,50.64942,58.15873,58.04208,45.82169,57.15004,49.15058,57.70769,57.39927,57.61861,57.17494,57.34985,57.52885,57.65233,57.79331,58.0564,57.39437,57.88175,57.46286,57.66589,57.41389,57.60266,56.68938,57.54627,,56.72669,56.97691,57.07946,57.27471,56.5345,57.20402,57.18217,56.72846,56.97077,56.70152,56.79585,57.03194,57.36444,57.25677,57.78348,57.42323,57.12565,57.18092,57.13521,57.02079,57.16114,57.06892,57.29625,57.19073,53.90419,56.46752,57.07054,56.94979,56.45115,56.98194,57.22098,56.82627,57.07154,56.17719,45.98898,56.57931,57.47137,57.31098,57.33373,57.17844,56.82565,57.10187,56.86704,56.14563,57.3724,57.30773,57.73162,57.02515,57.32542,56.93044,57.08352,57.25027,57.34689,56.76563,56.56254,53.78465,57.18837,57.0237,39.7211,56.27283,57.8721,57.50229,57.05542,53.54813,54.082,56.92402,57.18131,57.31992,57.12717,56.87633,56.74798,56.52429,49.52973,56.77948,53.76121,57.80605272727272,9041.287800000002
2022-10-28 13:00:00,898.6776,,59.3676,58.49567,58.59721,59.21089,58.84645,58.03248,58.8165,54.66644,58.85566,58.86325,58.88081,59.04234,58.14098,58.85981,58.53179,56.11154,48.74038,59.22194,59.54006,56.54154,59.61408,59.55596,58.789,59.46625,59.05873,59.53048,58.90665,59.05161,58.86496,57.53348,59.24806,56.84154,58.57539,57.67862,52.86046,57.0256,,56.27948,47.24152,58.32846,46.8404,57.50498,56.33915,58.64698,58.42971,51.83829,58.31996,57.02796,51.65252,57.92596,57.6586,56.66902,50.44367,58.292,57.93004,52.36433,43.42789,51.71794,58.06689,57.94002,51.16704,57.25462,51.67815,58.45944,51.51004,,52.45786,59.22758,59.10244,47.57767,58.47216,50.90139,58.81542,57.94675,57.926,57.64664,58.13515,57.78865,57.88808,58.51673,58.3689,58.14304,58.61729,58.22171,57.93758,58.14852,57.63377,57.54046,58.25494,,57.68848,57.94721,57.56994,57.86944,57.06633,57.77992,58.14773,57.68116,57.78038,61.83688,57.68769,57.57977,57.87318,58.22911,58.74836,57.89546,57.56123,58.34667,58.04442,57.72279,58.06287,58.182,58.164,58.31381,54.79727,57.27764,57.47454,57.98042,56.843,58.02837,57.72871,57.69304,58.05898,56.96802,43.02179,57.78121,58.17067,58.38889,58.18748,57.62921,57.63796,57.49696,57.77225,57.2365,58.00673,58.2816,58.77752,58.27296,58.44952,58.1425,58.11194,58.1564,58.46169,57.35844,57.64271,55.08573,57.92165,58.17825,47.1174,57.31792,58.88359,58.74335,58.17169,55.29427,55.77569,58.09015,58.35727,58.56402,58.28741,58.14325,57.94727,57.85583,51.31979,58.05323,55.54173,59.095851515151516,9240.45124
2022-10-28 14:00:00,845.5649,,56.09919,55.24258,55.33344,55.92402,55.65331,55.1565,55.81246,55.6459,55.71387,55.99904,55.85019,56.14098,55.17694,55.91721,55.67221,52.75948,46.03842,56.09686,56.81548,53.30794,56.89796,56.87371,55.758,56.7974,56.00358,56.86964,56.158,56.02948,55.91865,54.56137,56.10917,53.8544,55.51159,54.73525,49.68946,53.81154,,52.95823,44.38839,55.1394,43.92638,54.28421,52.9916,55.6341,55.11177,48.6744,55.03004,53.83442,48.47285,54.70958,54.32946,53.25985,47.23865,54.95975,54.60625,48.94741,40.81,48.30531,54.98225,54.6581,48.1414,54.14427,48.65079,55.30575,48.6296,,49.5375,56.21558,56.07917,45.17769,55.34742,48.261,55.77554,55.4845,55.43925,55.2951,55.32291,55.45042,55.60556,55.71185,56.23131,55.37938,55.8909,55.42162,55.73794,55.36609,55.80613,54.7585,55.57919,,54.58148,54.84164,55.11523,55.21396,54.31306,55.10336,55.04739,54.59504,55.04629,54.53573,54.91104,54.90508,55.47752,55.14223,55.701,55.34731,55.12917,55.11515,55.11087,54.92633,55.13065,55.01529,55.24677,55.11586,52.20165,54.31823,54.99256,54.84048,54.36306,54.81833,55.19818,54.76036,55.01567,54.09658,40.44162,54.54448,55.52844,55.25512,55.29267,55.12596,54.88665,55.12498,54.90091,54.08258,55.26375,55.27577,55.735,55.03215,55.34958,54.98252,55.0849,55.20983,55.35548,54.80306,54.61029,52.15033,55.17352,54.91687,44.66121,54.18027,55.56469,55.40837,55.14681,51.9661,52.41598,55.03927,55.11621,55.43338,55.14643,54.89989,54.73185,54.62117,48.00571,54.79496,52.07281,56.04971909090908,8761.5381
2022-10-28 15:00:00,342.8712,,22.36925,21.92775,21.94312,22.20071,22.12346,22.01158,22.17983,22.141,22.28546,22.47077,22.34265,22.58619,22.24887,22.40075,22.24017,20.57698,17.99623,22.54975,23.01443,20.91056,23.15835,23.11391,22.38242,23.14252,22.55733,23.23138,22.71133,22.56592,22.45581,21.62469,22.53188,21.21815,22.2495,21.64456,19.46077,21.21865,,20.74287,17.41446,21.85961,17.11102,21.35804,21.05727,22.23418,21.80404,19.18781,21.61013,21.47256,18.91802,22.17454,21.58756,21.02905,18.88185,22.00371,21.67256,19.35604,16.15098,19.10144,21.94594,21.89465,18.98327,21.93475,19.26362,22.30825,19.21902,,19.73342,22.89127,22.83258,17.87225,22.34667,18.93083,22.62779,22.59956,22.29463,22.13223,22.09431,22.17958,22.23054,22.40225,22.76712,22.60419,22.41167,22.17154,22.3954,22.10215,22.46744,22.13938,22.20271,,21.60377,21.80894,21.93346,22.14675,21.90165,21.99033,21.93731,21.66414,21.83517,21.77183,21.85262,21.97821,22.19104,22.07571,22.44877,22.14202,21.92779,21.98681,21.90552,21.77558,21.96956,21.90396,21.9565,21.95173,20.40804,21.57984,21.87225,21.82892,21.98123,21.85625,21.87498,21.73275,21.71087,21.40256,19.32048,21.59423,22.06436,21.98373,21.93894,22.03735,22.11839,21.90321,21.71102,21.63037,22.10106,21.81758,22.07729,21.67296,21.81702,21.75029,21.6605,21.94833,21.889,21.62858,21.69621,20.31369,21.74075,21.78425,17.4365,21.66244,22.31698,22.08719,21.89525,20.33714,20.43942,21.98627,21.69631,22.01554,21.63329,21.62213,21.47208,21.53529,18.64548,21.56798,20.24579,22.593474848484842,3492.19496
2022-10-28 16:00:00,217.4326,,13.7245,13.46958,13.44186,13.51325,13.54529,13.51085,13.56373,13.61654,13.69696,13.80552,13.63387,13.94335,13.67833,13.74712,13.6919,12.55617,11.12463,13.76652,14.09671,12.75165,14.29619,14.21533,13.64623,14.30365,13.81833,14.46719,13.99479,13.75665,13.80715,13.20402,13.74844,12.92852,13.60161,13.17567,11.86748,12.79779,,12.61623,10.51929,13.21414,10.34733,12.96865,12.83385,13.4145,13.18384,11.73989,12.96639,12.94319,11.36879,13.4545,12.88148,12.53127,11.42931,13.27388,12.94177,11.59136,12.79315,11.4416,13.24004,13.16367,11.36125,13.31027,11.5099,13.43969,11.55809,,11.96311,13.72294,13.71242,10.80571,13.44873,11.42686,13.57075,13.596,13.28494,13.23269,13.23009,13.29254,13.33198,13.45308,13.71029,13.61994,13.3905,13.24402,13.42446,13.21686,13.40598,13.22531,13.26996,,13.02892,13.17912,13.1481,13.41033,13.208,13.23118,13.20531,13.07077,13.053,13.04771,13.14645,13.30242,13.39796,13.26991,13.52265,13.43338,13.25996,13.37104,13.23958,13.08556,13.30952,13.24473,13.2135,13.24179,12.29483,13.09883,13.14731,13.18917,13.27042,13.17052,13.29136,13.19125,13.07411,12.97058,13.55842,13.07154,13.34284,13.34713,13.20427,13.41808,13.49835,13.26377,13.1295,13.14944,13.44702,13.29454,13.45856,13.14892,13.28798,13.23583,13.18327,13.41002,13.31785,13.05431,13.22844,12.34177,13.147,13.22856,10.87123,13.17048,13.69104,13.58661,13.4765,12.53523,12.63779,13.52233,13.28027,13.51119,13.14821,13.09419,13.11354,13.16498,11.40148,13.19191,12.32981,13.785888181818182,2122.93732
2022-10-28 17:00:00,85.86507,,4.979876,4.741147,4.804563,4.772313,4.852792,4.907418,4.888563,5.055917,4.952855,5.206459,4.854272,5.340958,5.085333,5.267895,5.246603,4.551562,4.614875,5.025437,5.465395,4.716187,5.67423,5.620959,4.966375,5.756645,5.122292,5.925563,5.584332,5.055688,5.354395,5.034124,5.039772,4.888584,4.977417,4.9805,4.357229,4.674313,,4.578354,3.765917,4.784438,3.678104,4.723083,4.7925,4.735478,4.709354,4.362229,4.549479,4.67227,4.049854,4.93477,4.547937,4.285479,4.162625,4.798438,4.465687,3.965604,4.997397,3.927958,4.778084,4.691625,3.869917,4.895208,4.047604,4.378168,4.029791,,4.359792,4.981792,5.015521,3.917563,5.026563,4.116521,5.037209,4.734395,4.572437,4.421479,4.380375,4.46175,4.448042,4.561647,4.784646,4.780605,4.456186,4.418292,4.558917,4.448458,4.557938,4.5155,4.430624,,4.31625,4.468208,4.387458,4.652104,4.362292,4.396646,4.388292,4.383625,4.333354,4.386125,4.414354,4.567146,4.55725,4.465312,4.632729,4.559709,4.480688,4.630938,4.464021,4.373416,4.545876,4.488021,4.409333,4.489604,4.134062,4.52825,4.3525,4.459667,4.498125,4.453541,4.549,4.582333,4.324083,4.448604,4.724624,4.485042,4.474062,4.648271,4.331959,4.714793,4.741229,4.549708,4.402833,4.564209,4.715999,4.538437,4.619895,4.543313,4.552437,4.6505,4.505875,4.348875,4.542583,4.45225,4.543834,4.340167,4.400813,4.605229,4.001083,4.649667,4.65398,4.765666,4.626938,4.37575,4.427104,4.703479,4.494604,4.706312,4.414875,4.398938,4.442146,4.563292,3.951334,4.60025,4.282646,5.160365,748.044359
2022-10-28 18:00:00,0.2074758,,0.1288334,0.1361666,0.152125,0.1050417,0.1470416,0.178625,0.1247917,0.1354584,0.164875,0.141625,0.09883335,0.1500417,0.1994583,0.1265416,0.1324167,0.1099166,0.1855,0.1474583,0.1030416,0.1229583,0.1611667,0.1315,0.109,0.1727083,0.1410833,0.2256667,0.1682916,0.1295833,0.103625,0.1026667,0.1372917,0.1252916,0.1358334,0.1505834,0.096375,0.1508334,,0.1295833,0.08316665,0.1110417,0.06954165,0.14625,0.2082084,0.1003333,0.1315,0.1670416,0.08583335,0.2059584,0.09183335,0.221375,0.1342084,0.093625,0.2038334,0.1550416,0.1075,0.07691665,0.1802084,0.1022917,0.1460834,0.1367916,0.07345835,0.1942201,0.1018334,0.098625,0.09404165,,0.1708333,0.114625,0.1123333,0.09,0.12525,0.09475,0.1018334,0.1922916,0.1504167,0.1119583,0.098375,0.09320835,0.1201667,0.1269166,0.1981667,0.209375,0.097,0.1232084,0.1311667,0.1034167,0.1322916,0.128875,0.1052084,,0.1098334,0.1182083,0.1022084,0.1667084,0.103875,0.087625,0.1204166,0.1070834,0.09795835,0.11875,0.1197916,0.1401667,0.1539167,0.1004167,0.1493333,0.135625,0.1214584,0.1534166,0.1183333,0.06070835,0.156375,0.09625,0.1068334,0.1185,0.130375,0.1392916,0.09770835,0.0975,0.1423333,0.1018334,0.1434584,0.11925,0.06920835,0.1105834,0.190875,0.1025,0.1055,0.12225,0.06108335,0.146875,0.21075,0.1114167,0.09916665,0.15325,0.166625,0.1179167,0.125375,0.09366665,0.1256666,0.1225,0.1015,0.10775,0.116625,0.1019166,0.1343334,0.1092917,0.082125,0.1055833,0.2344542,0.152125,0.1199166,0.136375,0.149875,0.1443333,0.1894584,0.1686666,0.1165416,0.1376666,0.08779165,0.106625,0.095875,0.1107917,0.1265,0.1284584,0.1089166,,20.85850805
2022-10-28 19:00:00,0.0,,,,,,,,,,,,,,,,,,,,,,,,,,,,,,,,,,,,,,,,,,,,,,,,,,,,,,,,,,,,,,,,,,,,,,,,,,,,,,,,,,,,,,,,,,,,,,,,,,,,,,,,,,,,,,,,,,,,,,,,,,,,,,,,,,,,,,,,,,,,,,,,,,,,,,,,,,,,,,,,,,,,,,,,0.0
2022-10-28 20:00:00,0.0,,,,,,,,,,,,,,,,,,,,,,,,,,,,,,,,,,,,,,,,,,,,,,,,,,,,,,,,,,,,,,,,,,,,,,,,,,,,,,,,,,,,,,,,,,,,,,,,,,,,,,,,,,,,,,,,,,,,,,,,,,,,,,,,,,,,,,,,,,,,,,,,,,,,,,,,,,,,,,,,,,,,,,,,0.0
2022-10-28 21:00:00,0.0,,,,,,,,,,,,,,,,,,,,,,,,,,,,,,,,,,,,,,,,,,,,,,,,,,,,,,,,,,,,,,,,,,,,,,,,,,,,,,,,,,,,,,,,,,,,,,,,,,,,,,,,,,,,,,,,,,,,,,,,,,,,,,,,,,,,,,,,,,,,,,,,,,,,,,,,,,,,,,,,,,,,,,,,0.0
2022-10-28 22:00:00,0.0,,,,,,,,,,,,,,,,,,,,,,,,,,,,,,,,,,,,,,,,,,,,,,,,,,,,,,,,,,,,,,,,,,,,,,,,,,,,,,,,,,,,,,,,,,,,,,,,,,,,,,,,,,,,,,,,,,,,,,,,,,,,,,,,,,,,,,,,,,,,,,,,,,,,,,,,,,,,,,,,,,,,,,,,0.0
2022-10-28 23:00:00,0.0,,,,,,,,,,,,,,,,,,,,,,,,,,,,,,,,,,,,,,,,,,,,,,,,,,,,,,,,,,,,,,,,,,,,,,,,,,,,,,,,,,,,,,,,,,,,,,,,,,,,,,,,,,,,,,,,,,,,,,,,,,,,,,,,,,,,,,,,,,,,,,,,,,,,,,,,,,,,,,,,,,,,,,,,0.0
2022-10-29 00:00:00,0.0,,,,,,,,,,,,,,,,,,,,,,,,,,,,,,,,,,,,,,,,,,,,,,,,,,,,,,,,,,,,,,,,,,,,,,,,,,,,,,,,,,,,,,,,,,,,,,,,,,,,,,,,,,,,,,,,,,,,,,,,,,,,,,,,,,,,,,,,,,,,,,,,,,,,,,,,,,,,,,,,,,,,,,,,0.0
2022-10-29 01:00:00,0.0,,,,,,,,,,,,,,,,,,,,,,,,,,,,,,,,,,,,,,,,,,,,,,,,,,,,,,,,,,,,,,,,,,,,,,,,,,,,,,,,,,,,,,,,,,,,,,,,,,,,,,,,,,,,,,,,,,,,,,,,,,,,,,,,,,,,,,,,,,,,,,,,,,,,,,,,,,,,,,,,,,,,,,,,0.0
2022-10-29 02:00:00,0.0,,,,,,,,,,,,,,,,,,,,,,,,,,,,,,,,,,,,,,,,,,,,,,,,,,,,,,,,,,,,,,,,,,,,,,,,,,,,,,,,,,,,,,,,,,,,,,,,,,,,,,,,,,,,,,,,,,,,,,,,,,,,,,,,,,,,,,,,,,,,,,,,,,,,,,,,,,,,,,,,,,,,,,,,0.0
2022-10-29 03:00:00,0.0,,,,,,,,,,,,,,,,,,,,,,,,,,,,,,,,,,,,,,,,,,,,,,,,,,,,,,,,,,,,,,,,,,,,,,,,,,,,,,,,,,,,,,,,,,,,,,,,,,,,,,,,,,,,,,,,,,,,,,,,,,,,,,,,,,,,,,,,,,,,,,,,,,,,,,,,,,,,,,,,,,,,,,,,0.0
2022-10-29 04:00:00,0.0,,,,,,,,,,,,,,,,,,,,,,,,,,,,,,,,,,,,,,,,,,,,,,,,,,,,,,,,,,,,,,,,,,,,,,,,,,,,,,,,,,,,,,,,,,,,,,,,,,,,,,,,,,,,,,,,,,,,,,,,,,,,,,,,,,,,,,,,,,,,,,,,,,,,,,,,,,,,,,,,,,,,,,,,0.0
2022-10-29 05:00:00,0.01195522,,,,,,,,,,,,,,,,,,,,,,,,,,,,,,,,,,,,,,,,,,,,,,,,,,,,,,,,,,,,,,,,,,,,,,,,,,,,,,,,,,,,,,,,,,,,,,,,,,,,,,,,,,,,,,,,,,,,,,,,,,,,,,,,,,,,,,,,,,,,,,,,,,,,,,,,,,,,,,,,,,,,,,,,0.0
2022-10-29 06:00:00,0.01195522,,,,,,,,,,,,,,,,,,,,,,,,,,,,,,,,,,,,,,,,,,,,,,,,,,,,,,,,,,,,,,,,,,,,,,,,,,,,,,,,,,,,,,,,,,,,,,,,,,,,,,,,,,,,,,,,,,,,,,,,,,,,,,,,,,,,,,,,,,,,,,,,,,,,,,,,,,,,,,,,,,,,,,,,0.0
2022-10-29 07:00:00,1.777627,,0.0,0.0,0.0,0.0,0.0,0.0,0.0,0.0,0.0,0.0,0.0,0.0,0.0,0.0,0.0,0.0,0.0,0.0,0.0,0.0,0.0,0.0,0.0,0.0,0.0,0.0,0.0,0.0,0.0,0.0,0.0,0.0,0.0,0.0,0.0,0.0,,0.0,0.0,0.0,0.0,0.0,0.0,0.0,0.0,0.0,0.0,0.0,0.0,0.0,0.0,0.0,0.0,0.0,0.0,0.0,0.0,0.0,0.0,0.0,0.0,0.0,0.0,0.0,0.0,,0.0,0.0,0.0,0.0,0.0,0.0,0.0,0.0,0.0,0.0,0.0,0.0,0.0,0.0,0.0,0.0,0.0,0.0,0.0,0.0,0.0,0.0,0.0,,0.0,0.0,0.0,0.0,0.0,0.0,0.0,0.0,0.0,0.0,0.0,0.0,0.0,0.0,0.0,0.0,0.0,0.0,0.0,0.0,0.0,0.0,0.0,0.0,0.0,0.0,0.0,0.0,0.0,0.0,0.0,0.0,0.0,0.0,0.0,0.0,0.0,0.0,0.0,0.0,0.0,0.0,0.0,0.0,0.0,0.0,0.0,0.0,0.0,0.0,0.0,0.0,0.0,0.0,0.0,0.0,0.0,0.0,0.0,0.0,0.0,0.0,0.0,0.0,0.0,0.0,0.0,0.0,0.0,0.0,0.0,0.0,0.0,0.0,0.0,,0.0
2022-10-29 08:00:00,128.7442,,7.119001,7.457584,7.763124,8.103083,8.55054,8.748479,8.709522,8.555187,9.220396,7.899375,9.043021,7.344521,9.211126,6.8575,6.595251,8.297585,6.628918,8.90875,6.092208,7.923498,6.184311,5.555812,8.641294,5.693605,8.187208,5.49773,5.058084,8.425063,4.567771,4.302625,8.385313,4.383125,7.615022,4.276104,6.298187,4.271708,,4.585354,5.574146,4.974105,5.065167,5.230167,5.710896,7.578436,5.257146,7.267125,5.226416,5.616021,6.594832,5.239542,4.597042,4.698209,6.380979,5.900979,5.375501,7.675646,6.379376,6.819561,6.537376,6.359979,8.323813,7.074479,7.535353,6.802853,7.358125,,7.191188,8.033978,8.370915,6.18748,8.161626,7.070647,8.268604,10.1384,9.594709,9.752042,9.952938,9.56177,10.04144,9.687354,10.35017,10.06112,9.962896,9.218728,9.97746,9.474251,9.947584,9.3315,10.02731,,9.608021,9.364543,9.654502,9.634751,9.944293,9.111959,9.598792,9.367417,9.697562,9.160436,9.906332,9.556917,10.09983,9.538167,9.737124,9.568584,9.407604,9.162189,9.524084,8.844708,9.573021,9.013875,9.461479,9.010062,8.74704,9.473812,9.539042,9.292832,9.716395,9.353604,9.247439,8.88348,8.832814,8.604647,9.27952,8.687897,9.149,9.217459,8.991124,8.915833,9.69329,8.935707,9.32125,8.828208,9.234748,9.282042,9.326354,8.741834,9.081292,8.97473,8.995458,8.984792,9.085353,8.404186,9.262333,8.351209,8.857644,9.038334,7.026541,8.844834,9.517125,9.097686,9.546126,8.640125,8.95077,9.452917,9.155999,9.350999,8.916063,8.688751,9.102792,9.017918,7.723521,9.126727,8.232626,9.763133393939393,1324.742839
2022-10-29 09:00:00,413.2305,,28.93556,32.12696,32.43929,32.4664,32.38379,32.01644,32.33348,31.56713,33.16327,31.24875,33.11121,30.84723,32.7375,27.30891,26.20707,30.31702,26.09527,32.72594,26.19144,29.62227,25.62271,25.53517,32.09583,23.36523,31.73856,14.31685,22.39652,31.98246,22.74844,21.06671,31.98804,19.3236,31.33042,19.11542,27.26965,18.47011,,21.96542,24.42219,25.41721,23.68369,26.07788,25.16654,31.91692,24.16342,27.64798,22.16525,21.39412,27.08946,22.20063,22.15331,25.13773,26.70577,26.55394,26.10981,28.70358,25.91756,28.07529,26.32759,26.76123,28.10938,27.61181,28.2409,31.49346,28.03629,,28.3495,33.08346,33.00698,24.85977,32.16573,27.16544,32.44694,34.54908,34.32473,33.80909,34.03402,33.63857,34.31031,33.99004,34.69044,34.4411,34.42206,33.63067,34.19584,33.69365,34.30454,33.63781,34.31529,,33.28248,33.04065,33.47856,33.50079,33.92856,33.10006,33.50523,32.97779,33.50744,32.96365,33.71779,33.49781,34.11854,33.6711,34.11066,33.89442,33.45956,32.812,33.55067,32.64606,33.56992,32.89388,33.55908,33.0175,31.12092,32.84087,33.5695,33.08463,33.53581,33.16211,33.77879,32.85812,33.33664,31.69815,33.88383,31.99158,33.74667,33.15504,33.63044,32.59042,33.87133,32.79833,33.34933,31.97506,33.10931,33.5795,34.1156,32.71044,33.64427,32.99187,33.33956,33.12844,33.72529,32.47765,33.55467,30.76358,33.37479,33.15381,32.52109,32.66698,33.98308,33.15175,33.61179,30.93042,31.34331,33.29565,33.31919,33.35031,33.08865,32.40198,33.0741,32.58339,28.47944,32.89114,30.50508,33.969663636363634,4975.171969999999
2022-10-29 10:00:00,693.4598,,51.49206,51.54298,51.68077,51.93146,51.66679,51.33323,51.68096,50.95014,52.06304,51.06227,52.24006,50.82496,51.48825,49.58236,48.68034,47.80944,44.97829,51.87217,48.66829,47.57646,50.81931,45.33289,51.12859,44.0374,51.084,42.96888,47.25277,51.25673,44.50044,41.89902,51.27252,39.98604,50.48029,40.44061,43.98777,38.82008,,42.60798,39.40884,47.67025,38.57315,48.10486,45.26308,50.91604,45.10643,43.54213,43.94919,43.28009,42.97708,43.78275,41.53717,45.25409,42.18477,49.6785,45.22683,44.59623,44.56166,44.12804,44.23775,44.13837,43.72179,48.88577,44.04725,51.03802,43.78925,,44.26181,52.16146,51.95912,39.4385,50.48679,42.69023,51.19946,52.19496,52.05558,51.30323,51.54079,51.5591,51.95917,52.00658,52.52177,52.55498,52.35969,51.571,52.04783,51.58625,52.17869,51.47823,52.08227,,50.69275,50.93819,51.06671,51.41906,51.42148,51.06108,50.98429,50.6259,50.90748,50.66767,50.995,51.12387,51.54952,51.47102,52.15229,51.75463,51.20304,51.12492,51.25777,51.01987,51.30475,51.13914,51.36346,51.28714,47.5701,50.57537,51.27206,51.10342,51.06231,51.11016,51.21579,50.79952,50.90517,49.64525,51.54994,50.19369,51.50454,51.36237,51.45506,51.18363,51.27683,51.11667,50.99442,50.16409,51.50927,51.52796,52.26313,51.04473,51.5731,51.1016,50.92688,51.3004,51.43335,50.72629,51.00787,47.55548,50.95636,51.14433,50.13904,50.46582,52.43521,51.63623,51.62869,47.97269,48.15869,51.86694,51.5564,51.88969,51.20129,51.09777,50.99527,50.65281,43.91636,51.08002,47.64464,51.946665151515155,7972.796240000001
2022-10-29 11:00:00,672.002,,48.4506,47.64852,47.59054,47.90969,47.55462,47.14965,47.44238,47.0041,47.90796,47.07563,48.09773,47.15117,47.36148,46.91821,46.42848,44.16108,37.38541,48.03854,47.37342,43.97917,47.5901,47.12369,47.2961,46.08454,47.10368,46.79331,45.58065,47.3819,45.63904,43.71365,47.19412,42.58598,46.59361,43.38213,40.78281,42.5396,,42.212,36.7369,45.1135,36.07467,44.37648,43.60781,47.46862,45.68737,40.70615,45.60069,44.99671,40.19862,44.15723,44.04388,44.07796,39.98319,46.25073,45.82706,41.80342,46.10202,41.22766,45.38204,44.77671,40.88079,46.51986,41.19106,47.43512,40.99812,,41.51352,48.60296,48.42894,37.28865,47.10652,40.03794,47.74492,48.5255,48.10929,48.25202,48.26389,48.26981,48.61417,48.57479,49.1775,48.86721,48.86823,47.95696,48.51552,47.82938,48.61933,47.77273,48.391,,48.07948,47.86884,48.36932,48.32471,48.57521,48.18616,48.40619,47.64825,48.01794,47.7201,48.29044,48.17592,48.72692,48.44292,48.98085,48.51546,48.19127,47.35527,48.32903,47.40752,48.44892,47.61546,48.62298,47.83969,45.17406,47.21006,48.59829,47.885,48.32733,47.9696,47.38462,46.58469,47.18679,45.82536,43.75796,46.07536,47.78796,46.99475,47.84744,46.99431,47.77467,46.82987,47.65035,46.30333,47.48881,47.49585,48.0975,46.89133,47.52685,46.88656,47.13404,47.12138,47.54016,46.60546,47.12152,43.6991,47.22925,46.95667,37.26877,46.42823,48.18686,47.65662,47.50281,44.21975,44.33558,47.60975,47.40375,47.62442,47.19564,46.81306,46.89994,46.54435,40.49366,46.85577,43.66675,48.48849242424243,7489.58128
2022-10-29 12:00:00,776.8259,,49.79869,49.05973,49.01167,49.58483,49.06168,48.48073,48.88506,48.65725,48.82971,49.01725,49.02588,49.07356,48.54648,48.9679,48.63448,46.85316,41.01148,49.6455,49.55213,47.31596,49.72921,49.49229,49.42065,49.47662,49.70025,49.52962,48.79354,49.87444,48.98317,47.69329,49.9814,47.15873,49.43142,47.86863,45.18512,47.42223,,47.12415,40.56904,48.69679,40.36116,47.96444,47.27831,49.49415,48.82431,44.11844,48.68406,47.98479,43.62712,48.86942,48.35471,47.56956,42.84961,48.96017,48.48625,44.23852,48.26434,44.01427,48.61073,48.42054,42.87875,48.08583,43.92602,48.96406,43.82625,,44.7011,49.76815,49.8181,40.41996,49.34285,43.41419,49.60083,49.70706,49.28648,48.96617,49.44548,49.15102,49.75748,49.48217,50.08777,49.59021,50.11129,49.24852,49.73433,49.2555,49.66827,49.03523,49.75404,,48.48531,48.89779,48.96142,49.11512,47.49425,48.96794,48.98329,48.51583,48.81181,48.47225,48.96604,49.05983,49.38792,49.27081,49.74458,49.62141,49.31944,49.43208,49.33815,49.27387,49.40434,49.32666,49.36933,49.38129,45.98711,48.69563,49.15331,48.95248,48.60146,49.017,49.45785,48.94812,49.41194,48.582,36.9986,48.87109,49.75969,49.55931,49.59619,49.46069,49.25682,49.2924,49.03564,48.61437,49.49342,48.68341,49.13285,48.54317,48.85508,48.53275,48.74448,48.90314,49.10019,48.48933,48.76841,46.71777,49.23634,48.93489,40.71339,48.56115,48.98144,48.9189,48.37294,46.21575,46.30917,48.40027,48.42098,48.57225,48.446,48.11442,48.11408,47.86931,43.2599,48.0359,46.33581,49.66901363636364,7799.775079999999
2022-10-29 13:00:00,704.7546,,45.14171,44.54488,44.51392,45.09442,44.77539,44.32911,44.86433,44.25052,44.6165,44.17919,44.58683,44.38166,44.06027,44.26339,43.95023,43.16014,37.74031,44.99254,44.66352,43.2611,44.79723,44.61707,44.87358,44.56875,45.01452,43.35356,44.28014,45.27458,44.23606,43.48721,45.61586,43.12011,45.09596,43.48548,42.06913,43.20598,,43.02375,38.0034,44.31767,38.23114,44.01768,43.50283,45.99913,44.98694,42.12596,45.27085,44.35281,42.15704,45.16696,45.37248,44.86675,41.62912,45.954,45.66254,43.05927,46.54927,42.80369,46.0104,45.86029,41.7515,45.46035,38.74221,46.57873,43.19079,,44.0089,47.19738,47.2445,39.94504,47.0985,43.15527,47.45687,47.36827,47.85494,46.2939,46.62696,46.78921,46.54589,47.10836,47.54975,46.92442,47.45627,47.14587,46.97264,47.2809,46.97508,46.891,47.46721,,45.08848,46.17283,45.67704,45.74917,44.65913,45.94621,46.36985,46.02248,46.1434,46.0307,46.4844,45.89327,46.85269,46.25539,46.998,51.13415,45.2324,45.59631,45.77491,45.63842,45.85966,45.44931,45.34254,45.6956,44.04677,45.62648,45.23377,45.33567,45.27002,45.76796,45.41906,44.95854,45.09766,44.71454,34.43842,44.93204,45.89508,45.43354,45.46614,44.81281,45.45073,44.70433,44.87652,44.64254,45.66573,44.83304,45.14339,44.685,44.68473,44.50929,44.417,44.99127,44.70452,44.42856,44.51564,43.35927,45.17363,44.35091,32.99479,44.19596,45.60427,45.35933,45.19627,43.83819,43.98385,44.62354,45.12564,44.95021,45.00375,44.89069,44.75687,44.61863,41.10175,44.61706,43.64323,46.96515787878788,7250.62483
2022-10-29 14:00:00,741.169,,51.61056,50.75844,50.80967,51.09093,50.91982,50.53465,50.9769,49.65787,51.16371,51.38756,51.46298,51.36611,50.81769,51.11983,50.84982,47.65015,41.43773,51.60962,52.16167,48.12473,52.35348,52.29037,51.15564,52.24269,51.33844,52.37898,51.40931,51.34779,51.26688,49.37929,51.28877,48.54804,50.67631,49.55706,44.73566,48.50061,,47.6049,39.75267,50.16525,39.26921,49.10542,47.77877,50.67688,50.01539,43.71773,49.73229,48.70948,43.38956,49.77075,48.77769,47.46336,42.29956,49.59292,49.05675,43.92827,50.61285,43.32029,49.6286,49.21708,43.19758,49.15275,43.93087,47.4884,43.88256,,44.75323,51.56161,51.51535,40.82592,50.36794,43.62527,51.37131,50.7675,50.40431,50.21135,50.25471,50.32513,50.60398,50.72667,51.27658,50.83071,51.08419,50.35633,50.84069,50.28433,50.88077,50.03892,50.77269,,49.63048,49.78419,50.17058,50.13077,49.87185,50.04319,49.89081,49.52002,49.8355,49.27692,49.83527,49.87525,50.36908,50.17635,50.82658,50.68419,50.27879,50.44,50.22229,50.21579,50.30304,50.29392,50.36438,50.28185,46.90706,49.50881,50.16491,50.01342,49.882,49.92144,50.38135,49.95619,50.22333,49.26788,36.65115,49.64598,50.70379,50.55494,50.57362,50.56561,50.24686,50.43064,50.12977,49.41459,50.71083,50.49973,51.24242,50.09969,50.66617,50.10344,50.15846,50.45118,50.6016,49.86523,50.08387,46.93581,50.29541,50.17898,49.57904,49.30288,51.38104,50.65019,50.72813,47.20521,47.54054,50.64023,50.71989,50.77565,50.40019,50.07867,50.13273,49.66435,43.41206,49.90612,46.9295,51.38191242424241,7997.300749999999
2022-10-29 15:00:00,691.8078,,48.16306,47.22964,47.31752,47.65577,47.50471,47.23971,47.57096,45.7326,47.67206,48.41877,48.11036,48.67252,47.63969,48.33312,48.17294,44.22808,38.91721,48.38019,49.78581,44.8869,50.04329,50.0461,48.14146,49.95194,48.53246,50.00073,48.81081,48.36127,48.69606,46.35504,48.18508,45.35669,47.72117,46.58325,41.794,45.46611,,44.44346,37.03277,47.22137,36.85498,45.98531,44.51467,47.72581,47.06236,40.8995,46.70007,45.66767,40.46077,46.95636,45.67802,44.1139,39.10869,46.48881,46.00294,40.67852,47.66258,40.22263,46.74788,46.09911,40.11311,46.04781,40.67879,47.00325,40.65769,,41.57256,48.25648,48.14937,38.14506,46.96642,40.67169,47.98469,47.21021,46.52952,46.61154,46.67421,46.907,46.98367,47.28714,47.57917,47.59294,47.36252,46.81269,47.10823,46.64002,47.11848,46.57625,46.86469,,46.02518,46.30277,46.44598,46.79983,46.59761,46.6754,46.35042,46.14423,46.16098,45.884,46.236,46.54275,46.722,46.86129,47.5045,47.01931,46.58131,46.80754,46.51337,46.63373,46.67287,46.83506,46.70656,46.8051,43.24296,46.03383,46.57279,46.54825,46.3829,46.4774,46.52246,46.26633,46.42194,45.384,33.54308,45.80236,46.89423,46.88232,46.79677,46.80325,46.59238,46.80431,46.2626,45.67865,47.02658,46.75854,47.48654,46.35692,46.93225,46.3794,46.40256,46.76815,46.75008,46.17744,46.32581,43.33827,46.44217,46.41571,47.08871,45.90816,47.33577,46.81806,46.69865,43.39371,43.65044,46.98467,46.83163,47.11454,46.47475,46.33863,46.28744,45.83965,39.89708,46.18191,43.22577,48.31855787878788,7453.48105
2022-10-29 16:00:00,351.176,,23.78787,23.21244,23.25417,23.44817,23.368,23.25352,23.43058,23.76027,23.35358,24.41921,23.60338,24.70377,23.59646,24.48194,24.45077,21.74664,19.83694,23.9221,25.41044,22.35983,25.69356,25.76196,23.8895,25.87575,24.27125,26.00177,25.19765,24.01498,25.0645,23.8231,23.92788,23.22354,23.77431,23.75792,20.8326,22.65067,,22.34369,18.38079,23.89335,18.40717,23.39656,22.58363,23.75342,23.86283,20.67804,23.54685,22.93552,20.35833,23.67802,22.87973,22.03244,19.49963,23.43686,22.98473,20.22723,24.07246,20.03031,23.69206,23.28733,19.95183,23.30273,20.42698,23.38879,20.37702,,20.99216,24.30583,24.25933,19.34481,23.73683,20.49323,24.21706,23.16737,22.95821,22.54498,22.5179,23.05494,22.66304,23.32973,23.21927,23.50375,22.89861,23.05708,22.87329,23.00208,22.99165,22.97854,22.77242,,21.91144,22.49777,22.18798,22.88952,22.12938,22.77677,22.12321,22.46381,22.13021,22.35102,22.18346,22.83105,22.51854,22.93019,23.31002,22.30037,22.09558,22.65727,22.05204,22.5061,22.16019,22.68915,22.14013,22.73235,20.52106,22.40206,22.0355,22.59788,22.0781,22.5991,22.07598,22.35687,21.95225,21.67027,16.38227,22.05608,22.30638,22.65327,22.12921,22.6829,22.2944,22.62648,21.92748,22.08735,22.78573,22.18373,22.54071,22.38387,22.2775,22.42325,22.06115,22.72073,22.16854,22.27048,21.99946,20.91879,21.99433,22.38479,22.56837,22.20621,22.54848,22.76683,22.1991,20.97083,20.79202,22.71431,22.16754,22.80811,21.99567,22.209,21.88437,22.25481,18.95889,22.33329,20.87427,24.32307666666667,3658.81906
2022-10-29 17:00:00,46.98471,,2.94725,2.8365,2.856,2.874437,2.923542,2.990187,2.90275,2.989104,2.893667,3.054583,2.789063,3.134125,3.042646,3.028,2.988042,2.620708,3.238813,2.975792,3.067271,2.733708,3.203208,3.135104,2.8655,3.262688,2.971396,3.140812,3.180854,2.911813,3.016917,2.83575,2.929979,2.797437,2.865167,2.886312,2.514375,2.727834,,2.655458,2.136188,2.761104,2.134604,2.804604,2.877042,2.80375,2.798625,2.660083,2.650354,2.862104,2.389542,3.007562,2.747563,2.560125,2.634688,2.916854,2.692833,2.508312,3.105458,2.546146,2.945417,2.900959,2.477833,3.146813,2.769958,3.070979,2.669812,,2.931833,3.126313,3.127084,2.577333,3.143708,2.695812,3.139688,3.117938,3.092208,2.906875,2.885917,2.883438,2.919167,3.033625,3.186771,3.257062,2.927208,2.955625,3.016292,2.989771,2.998312,3.020313,2.901396,,2.653771,2.731188,2.746521,2.929896,2.658313,2.734375,2.787125,2.704604,2.753792,2.729687,2.883583,2.923375,2.979625,2.855396,3.028854,2.663625,2.631958,2.774729,2.629562,2.565688,2.734729,2.654979,2.634292,2.708458,2.509229,2.748521,2.605292,2.658958,2.756708,2.718188,2.624625,2.663042,2.457021,2.598042,2.668083,2.622479,2.612687,2.724271,2.443354,2.81875,2.835333,2.62125,2.530708,2.696104,2.807563,2.597771,2.665354,2.627708,2.623021,2.682146,2.590417,2.844917,2.592479,2.570438,2.614438,2.492791,2.507938,2.676313,2.917,2.748875,2.7,2.885208,2.683917,2.659354,2.617958,2.780958,2.608208,2.75925,2.540709,2.589062,2.533313,2.710604,2.344313,2.694979,2.527209,,452.404774
2022-10-29 18:00:00,0.01220446,,0.05475,0.05558335,0.06525,0.039125,0.071625,0.1132084,0.04716667,0.050375,0.06020835,0.05241665,0.03041667,0.05658335,0.12225,0.05633335,0.051125,0.041875,0.08516665,0.07229165,0.04120833,0.044875,0.06883335,0.05041665,0.05020835,0.06791665,0.05254165,0.14675,0.07825,0.04579166,0.04304167,0.03904167,0.05491665,0.052,0.05,0.053625,0.025625,0.06983335,,0.045875,0.02241666,0.043375,0.02170834,0.059875,0.1372917,0.03829167,0.04516667,0.1095,0.009375,0.135375,0.02883334,0.14325,0.06508335,0.021875,0.1549167,0.08616665,0.02866667,0.0305,0.09975,0.03554166,0.04908333,0.05470835,0.02658333,0.2462906,0.06129165,0.06433335,0.0345,,0.06379165,0.048625,0.03758334,0.02345834,0.049,0.02025,0.02516666,0.09016665,0.06045835,0.04379167,0.04004167,0.03370833,0.037375,0.0545,0.1167084,0.152,0.03108333,0.05004165,0.05525,0.0355,0.05091665,0.04129167,0.03070834,,0.04529167,0.03866667,0.034375,0.097,0.02804166,0.033625,0.04583333,0.03183333,0.035875,0.04104167,0.05445835,0.0415,0.06858335,0.03395833,0.05820835,0.041625,0.04466667,0.05129165,0.04266667,0.01779166,0.087375,0.03654167,0.005875,0.041625,0.04945833,0.05733335,0.03104167,0.031875,0.04558333,0.03970833,0.04654167,0.04375,0.01904166,0.04258334,0.07870835,0.04383333,0.02854167,0.039875,0.01429166,0.06679165,0.1415,0.03258333,0.02383333,0.06775,0.07258335,0.04008333,0.049625,0.02445834,0.03679166,0.03908333,0.0385,0.06554165,0.04283333,0.04179167,0.05133335,0.03491667,0.02379167,0.03491667,0.1950316,0.05825,0.03795834,0.05879165,0.05,0.05070835,0.1026667,0.08154165,0.04829167,0.04941666,0.02775,0.037375,0.03075,0.0425,0.05245835,0.043125,0.04645833,,8.86336414
2022-10-29 19:00:00,0.0,,,,,,,,,,,,,,,,,,,,,,,,,,,,,,,,,,,,,,,,,,,,,,,,,,,,,,,,,,,,,,,,,,,,,,,,,,,,,,,,,,,,,,,,,,,,,,,,,,,,,,,,,,,,,,,,,,,,,,,,,,,,,,,,,,,,,,,,,,,,,,,,,,,,,,,,,,,,,,,,,,,,,,,,0.0
2022-10-29 20:00:00,0.0,,,,,,,,,,,,,,,,,,,,,,,,,,,,,,,,,,,,,,,,,,,,,,,,,,,,,,,,,,,,,,,,,,,,,,,,,,,,,,,,,,,,,,,,,,,,,,,,,,,,,,,,,,,,,,,,,,,,,,,,,,,,,,,,,,,,,,,,,,,,,,,,,,,,,,,,,,,,,,,,,,,,,,,,0.0
2022-10-29 21:00:00,0.0,,,,,,,,,,,,,,,,,,,,,,,,,,,,,,,,,,,,,,,,,,,,,,,,,,,,,,,,,,,,,,,,,,,,,,,,,,,,,,,,,,,,,,,,,,,,,,,,,,,,,,,,,,,,,,,,,,,,,,,,,,,,,,,,,,,,,,,,,,,,,,,,,,,,,,,,,,,,,,,,,,,,,,,,0.0
2022-10-29 22:00:00,0.0,,,,,,,,,,,,,,,,,,,,,,,,,,,,,,,,,,,,,,,,,,,,,,,,,,,,,,,,,,,,,,,,,,,,,,,,,,,,,,,,,,,,,,,,,,,,,,,,,,,,,,,,,,,,,,,,,,,,,,,,,,,,,,,,,,,,,,,,,,,,,,,,,,,,,,,,,,,,,,,,,,,,,,,,0.0
2022-10-29 23:00:00,0.0,,,,,,,,,,,,,,,,,,,,,,,,,,,,,,,,,,,,,,,,,,,,,,,,,,,,,,,,,,,,,,,,,,,,,,,,,,,,,,,,,,,,,,,,,,,,,,,,,,,,,,,,,,,,,,,,,,,,,,,,,,,,,,,,,,,,,,,,,,,,,,,,,,,,,,,,,,,,,,,,,,,,,,,,0.0
2022-10-30 00:00:00,0.03188058,,,,,,,,,,,,,,,,,,,,,,,,,,,,,,,,,,,,,,,,,,,,,,,,,,,,,,,,,,,,,,,,,,,,,,,,,,,,,,,,,,,,,,,,,,,,,,,,,,,,,,,,,,,,,,,,,,,,,,,,,,,,,,,,,,,,,,,,,,,,,,,,,,,,,,,,,,,,,,,,,,,,,,,,0.0
2022-10-30 01:00:00,0.0,,,,,,,,,,,,,,,,,,,,,,,,,,,,,,,,,,,,,,,,,,,,,,,,,,,,,,,,,,,,,,,,,,,,,,,,,,,,,,,,,,,,,,,,,,,,,,,,,,,,,,,,,,,,,,,,,,,,,,,,,,,,,,,,,,,,,,,,,,,,,,,,,,,,,,,,,,,,,,,,,,,,,,,,0.0
2022-10-30 02:00:00,0.0,,,,,,,,,,,,,,,,,,,,,,,,,,,,,,,,,,,,,,,,,,,,,,,,,,,,,,,,,,,,,,,,,,,,,,,,,,,,,,,,,,,,,,,,,,,,,,,,,,,,,,,,,,,,,,,,,,,,,,,,,,,,,,,,,,,,,,,,,,,,,,,,,,,,,,,,,,,,,,,,,,,,,,,,0.0
2022-10-30 03:00:00,0.0,,,,,,,,,,,,,,,,,,,,,,,,,,,,,,,,,,,,,,,,,,,,,,,,,,,,,,,,,,,,,,,,,,,,,,,,,,,,,,,,,,,,,,,,,,,,,,,,,,,,,,,,,,,,,,,,,,,,,,,,,,,,,,,,,,,,,,,,,,,,,,,,,,,,,,,,,,,,,,,,,,,,,,,,0.0
2022-10-30 04:00:00,0.0,,,,,,,,,,,,,,,,,,,,,,,,,,,,,,,,,,,,,,,,,,,,,,,,,,,,,,,,,,,,,,,,,,,,,,,,,,,,,,,,,,,,,,,,,,,,,,,,,,,,,,,,,,,,,,,,,,,,,,,,,,,,,,,,,,,,,,,,,,,,,,,,,,,,,,,,,,,,,,,,,,,,,,,,0.0
2022-10-30 05:00:00,0.0,,,,,,,,,,,,,,,,,,,,,,,,,,,,,,,,,,,,,,,,,,,,,,,,,,,,,,,,,,,,,,,,,,,,,,,,,,,,,,,,,,,,,,,,,,,,,,,,,,,,,,,,,,,,,,,,,,,,,,,,,,,,,,,,,,,,,,,,,,,,,,,,,,,,,,,,,,,,,,,,,,,,,,,,0.0
2022-10-30 06:00:00,0.0,,,,,,,,,,,,,,,,,,,,,,,,,,,,,,,,,,,,,,,,,,,,,,,,,,,,,,,,,,,,,,,,,,,,,,,,,,,,,,,,,,,,,,,,,,,,,,,,,,,,,,,,,,,,,,,,,,,,,,,,,,,,,,,,,,,,,,,,,,,,,,,,,,,,,,,,,,,,,,,,,,,,,,,,0.0
2022-10-30 07:00:00,1.178357,,0.13225,0.1801111,0.1771111,0.05947223,0.133,0.2029167,0.07447223,0.1071389,0.1669444,0.1095556,0.1285278,0.08375,0.2181389,0.08347224,0.1334167,0.1305833,0.09697223,0.1105833,0.04177777,0.0846111,0.1211944,0.09644444,0.1014167,0.1003333,0.1071111,0.1262778,0.10625,0.1017778,0.08216666,0.06869444,0.09330557,0.07641666,0.1,0.08027776,0.0538889,0.1051667,,0.07769443,0.06116667,0.06944443,0.05830557,0.1218889,0.1923056,0.06555557,0.06702777,0.1851111,0.03325,0.1858333,0.077,0.1896667,0.09916667,0.046,0.2021389,0.1354167,0.06347223,0.07680557,0.113,0.03666667,0.1123056,0.1170833,0.08383334,0.1978333,0.06766666,0.08119443,0.0786111,,0.1196111,0.09377777,0.0916111,0.06277777,0.09916667,0.06302777,0.08777776,0.167,0.1322222,0.08727777,0.1110278,0.1374722,0.1240833,0.1210556,0.2048889,0.2308889,0.1028056,0.1442778,0.1200833,0.1024167,0.1325,0.07505557,0.1354167,,0.1211389,0.09844443,0.1063333,0.1522222,0.1493889,0.05380557,0.0706389,0.1351389,0.1103056,0.1463056,0.1373889,0.1538333,0.1560833,0.1087778,0.1464167,0.1376111,0.12,0.1197222,0.1228611,0.03033333,0.1569722,0.06344444,0.1136667,0.09227777,0.1014167,0.1841111,0.1268056,0.08580557,0.1463056,0.1000833,0.1361111,0.1037222,0.05916667,0.1055556,0.1291389,0.1139167,0.07625,0.1531667,0.06094443,0.1484444,0.2300278,0.1240278,0.1456944,0.1539167,0.1325833,0.1371944,0.142,0.0551111,0.1017778,0.08966666,0.07747223,0.09683333,0.1033056,0.04194443,0.1452222,0.0976111,0.05894443,0.1073056,0.1598889,0.1158056,0.1177222,0.1158056,0.1877222,0.1749722,0.1946667,0.1823889,0.1190556,0.1592222,0.07347223,0.1138611,0.13225,0.1276111,0.1113333,0.1343611,0.06547223,,18.57750037
2022-10-30 08:00:00,103.3662,,6.168376,6.705063,7.184938,7.587021,8.034332,8.137249,8.004958,7.996707,8.595209,7.607459,8.40402,7.096104,8.652687,6.374647,6.053542,7.730374,5.754522,8.247729,5.259208,7.257207,5.298396,4.650729,7.955603,5.019207,7.70327,4.17075,3.985542,7.830063,3.462542,3.124417,7.734876,3.242729,7.269645,3.007146,5.957542,2.908354,,3.180833,5.348105,3.585271,5.049916,4.235188,4.815083,7.194708,4.407749,6.976917,4.376355,4.763146,6.25302,4.28225,3.323437,3.776813,6.497251,5.419353,4.502792,7.059793,5.358291,6.347771,6.000855,5.586792,8.108064,6.458979,6.814228,6.110291,6.814459,,6.968605,7.914499,8.20696,5.795584,7.924229,6.59025,7.996229,8.86977,8.741521,8.306688,8.500855,8.565646,8.576542,8.628292,9.056603,9.150209,8.511334,8.221896,8.545458,8.49423,8.527958,8.303707,8.651938,,8.428104,8.329812,8.371437,8.698875,8.675041,7.92827,8.207813,8.438876,8.421812,8.240021,8.565853,8.537063,8.686437,8.482812,8.771541,8.535272,8.381208,8.344916,8.513896,7.806833,8.643334,8.01323,8.42127,8.071522,7.708541,8.612834,8.403271,8.309791,8.610084,8.355521,8.477376,8.150646,7.850292,7.896187,6.953022,8.017749,8.148458,8.542417,7.917813,8.085875,8.843917,8.27175,8.435041,8.101166,8.40502,8.425666,8.402584,7.849063,8.21423,8.177564,8.061855,8.216353,8.277603,7.487999,8.39425,7.683126,7.868666,8.316751,6.317917,8.10998,8.587687,8.301312,8.684749,7.901543,8.198834,8.610312,8.358936,8.524376,8.036043,7.78798,8.344833,8.138312,6.976791,8.41677,7.42423,8.642265212121211,1187.57721
2022-10-30 09:00:00,447.646,,30.85015,34.03248,34.73339,34.78189,34.7275,33.95948,34.67583,34.05471,35.28865,33.95396,35.27173,33.38948,34.90912,29.52852,28.02058,32.2356,27.66806,34.91079,27.9185,31.70898,27.41354,26.88263,34.25542,24.86198,34.06758,13.65196,23.0216,34.28271,23.40912,22.17279,34.36725,20.66215,33.71581,20.00406,29.37386,18.61646,,22.58114,26.15175,26.47506,25.31996,27.09567,26.44687,33.98248,25.7214,29.3985,23.65606,22.50767,28.90208,22.68727,22.56694,26.33071,28.3861,27.83167,27.47669,30.47075,27.97252,29.91381,28.00179,28.27977,29.91402,29.13073,28.65929,32.93927,29.64927,,29.88025,35.40446,35.29348,26.24802,34.17514,28.5495,34.5705,35.98158,35.91898,35.37133,35.617,35.52784,35.86864,35.80188,36.32985,36.28033,35.89388,35.12514,35.70079,35.45221,35.72598,35.18348,35.81585,,35.06152,35.04619,35.15502,35.51506,35.70027,34.98979,35.21392,34.91127,35.20279,34.7855,35.37879,35.32173,35.68711,35.47411,35.96642,35.57102,35.14969,34.89616,35.30938,34.70973,35.40866,34.95675,35.43885,35.07975,32.83762,34.88491,35.41069,35.11181,35.34702,35.13786,35.19977,34.70698,34.71694,33.58315,33.41217,33.90452,35.21191,35.18369,35.15146,34.38323,35.49423,35.01692,35.02258,34.01604,35.21117,35.1424,35.58475,34.36312,35.06492,34.65213,34.72079,34.77879,35.15698,33.98225,34.91469,32.4086,34.67738,34.94052,32.78738,34.42465,35.91087,35.15019,35.48923,32.79698,33.10896,35.30761,35.11988,35.33854,34.75162,34.09673,34.8199,34.34584,29.83796,34.80885,32.17094,35.63749484848484,5247.0712699999995
2022-10-30 10:00:00,666.0141,,49.21442,49.57527,49.60395,49.74402,49.51558,49.2361,49.60083,48.92815,50.10646,49.06956,50.28352,48.91948,49.58948,47.92984,47.03471,46.05369,43.60085,49.98817,46.75013,45.85627,49.06206,44.07162,49.38402,42.74413,49.32242,40.64585,45.92067,49.51083,43.28366,40.87254,49.51227,38.57854,48.72808,39.35306,42.47875,37.59813,,41.20775,38.04254,45.85354,37.28325,46.54231,43.97106,49.16517,43.99642,42.14256,42.64814,42.21419,41.58708,42.79994,40.16919,43.51688,40.84627,48.11325,44.07098,43.18382,43.50204,42.704,43.03427,42.89944,42.33112,47.03083,42.77027,49.19175,42.39742,,42.8756,50.55765,50.38825,38.3085,48.78954,41.39492,49.77012,50.30239,50.30748,49.94371,50.02948,50.10252,50.26629,50.36387,50.99889,50.94621,50.4664,49.8385,50.1595,49.73243,50.44446,49.79575,50.1121,,49.23217,49.26384,49.6104,49.99887,50.06775,49.42375,49.63066,49.05761,49.53754,49.27983,49.7584,49.68623,50.26352,49.9781,50.63733,50.23552,49.68877,49.52497,49.80773,49.39248,49.86327,49.58148,50.00819,49.72543,46.33346,49.04765,49.96106,49.57821,49.7644,49.57785,49.67484,49.20338,49.36252,48.15234,50.01436,48.59769,49.87567,49.74289,49.91173,49.58869,49.6894,49.58698,49.34608,48.58475,49.8556,49.78041,50.45719,49.07211,49.82531,49.21104,49.28415,49.4225,49.80352,48.93219,49.3596,45.94933,49.39244,49.50933,49.67946,48.7821,50.663,49.62556,49.98135,46.21764,46.61198,49.95312,49.78566,49.99139,49.3685,49.06416,49.23323,48.63005,42.34631,49.05367,45.7979,50.23908575757576,7714.2647400000005
2022-10-30 11:00:00,704.3836,,49.26638,48.73635,48.72208,49.10781,48.78687,48.13427,48.74432,46.77927,48.93983,48.70562,48.98586,48.60392,48.33925,48.4139,48.07462,46.08635,39.38575,49.0929,48.77871,46.23842,48.85633,48.69831,48.72369,47.66875,48.83498,33.89954,47.85138,48.89715,47.89867,46.31496,49.03931,45.27304,48.44071,46.27921,43.06918,45.26389,,45.0709,38.58406,47.66308,38.03554,46.96608,46.07559,48.54931,48.01996,42.30827,47.902,46.96721,41.82731,45.55764,46.09871,45.92479,41.46619,47.76946,47.52135,42.84465,43.91675,42.3996,46.70856,46.19421,41.9394,47.21698,42.31173,47.04863,42.01946,,42.75654,48.72852,48.5585,38.32438,47.86875,41.21452,48.17958,48.36341,48.48927,48.26292,48.56736,48.36481,48.7465,48.58977,48.92598,48.25846,48.96565,48.46377,48.81421,48.3825,48.47511,47.72127,48.71837,,48.02085,48.21506,48.16742,48.45034,47.69492,48.43025,48.52696,48.06229,48.08833,47.80442,48.19894,48.4964,48.57109,48.57469,49.00069,48.62892,48.33398,48.60723,48.40592,48.44971,48.45025,48.54481,48.54373,48.64175,45.76088,47.99906,48.33942,48.34214,47.69408,48.34238,48.42225,48.16085,48.22641,47.58452,48.84735,47.88873,48.69362,48.54868,48.4646,48.56994,48.16842,48.38956,48.17465,47.63686,48.64979,48.41708,48.91773,48.28594,48.58313,48.24817,48.21311,48.49469,48.68238,48.1041,48.02935,45.75241,48.33267,48.3866,40.49939,47.77519,48.98654,48.58858,48.45119,45.75523,46.13577,48.28463,48.58287,48.68483,48.32661,48.16431,48.22669,47.97856,42.27406,48.26461,45.67308,48.83482818181818,7648.49179
2022-10-30 12:00:00,831.7253,,56.19427,55.63129,55.54525,56.16771,55.68498,54.77027,55.62935,55.53604,55.85221,55.57377,55.86519,55.93204,55.152,55.83708,55.57315,53.62752,46.22369,56.12394,56.12096,53.84171,56.19298,56.06531,55.78323,56.05104,55.92463,51.21384,55.65296,55.90405,55.6006,54.60192,56.25515,53.74246,55.54961,54.55016,50.29565,54.13387,,53.68046,45.07783,55.26388,44.55935,54.7629,53.53836,55.70256,55.42825,49.44883,55.52648,54.22121,49.25312,54.86479,55.02544,53.78975,48.17236,55.4389,55.21384,50.15638,56.01638,49.75044,55.38456,55.24846,49.21942,54.68821,49.74354,55.90933,49.529,,50.38221,56.37894,56.23066,45.54202,55.67542,48.86477,56.03775,55.41873,55.94704,55.73296,55.74086,55.79731,55.849,55.96458,56.39121,55.46467,55.95729,55.84158,55.8569,55.78244,55.9356,55.10434,55.74675,,55.29937,55.52423,55.54217,55.73085,54.41919,55.67344,55.77956,55.2816,55.5254,55.21556,55.55173,55.62527,55.90887,55.64752,56.03532,55.61719,55.46086,55.71823,55.54488,55.53623,55.57315,55.54119,55.69836,55.70518,53.33531,55.10244,55.4324,55.42158,54.52127,55.46821,55.47065,55.26516,55.38829,54.864,47.34852,55.04492,55.72808,55.54279,55.48877,55.62056,55.00262,55.41423,55.24667,54.4975,55.61525,55.4201,55.73013,55.3525,55.49581,55.25615,55.34923,55.5541,55.63731,55.07531,54.72223,53.07519,55.43196,55.36721,43.63308,54.56594,55.69602,55.468,55.34712,52.97308,53.52633,54.90421,55.50562,55.46515,55.3717,55.21014,55.23667,54.97261,49.20096,55.29288,53.0395,55.99665303030302,8831.50775
2022-10-30 13:00:00,863.7662,,56.77135,56.06804,56.22902,56.88929,56.40027,55.45833,56.34223,56.33485,56.33742,56.43562,56.27579,56.65781,55.52539,56.52787,56.29552,54.42606,47.31142,56.75296,56.98229,54.89994,56.98223,56.95298,56.45219,56.92594,56.61111,49.68706,56.65685,56.6304,56.53709,55.80648,56.97179,55.29973,56.27527,55.9359,51.41612,55.37769,,54.78798,45.89075,56.19654,45.46994,55.84777,54.55265,56.28302,56.32756,50.32081,56.51994,54.99842,50.20179,55.52673,55.90263,54.9664,48.90767,56.14471,56.02773,50.73165,56.67565,50.19317,56.01638,55.94717,49.74781,55.12656,50.28031,54.30902,50.05407,,51.03729,56.74777,56.56921,46.23754,56.29642,49.52417,56.41352,55.83908,55.82536,56.00171,55.51534,55.98235,55.6884,56.19108,56.567,55.5269,56.31767,56.10029,55.69142,56.122,55.59214,55.1681,56.02094,,55.13267,55.7864,55.64706,55.66465,54.37617,55.39275,56.12487,55.53554,55.84431,55.50348,55.59477,55.36975,55.98231,55.93298,56.31681,55.65993,55.29677,56.14505,55.918,56.01758,55.78748,55.38502,55.82758,55.59521,53.70182,55.07081,55.27283,55.46231,54.78558,55.15479,56.12079,55.83223,55.94571,55.09227,41.65413,55.66859,56.409,56.0815,55.58461,55.66519,55.59471,55.44484,55.53556,55.0134,56.09177,56.02713,56.59123,56.04654,55.83868,55.91608,55.54127,56.1549,55.85804,55.82956,55.59829,53.92748,55.91336,55.4035,42.87648,55.19415,56.64194,56.38621,56.01179,53.49352,54.5211,55.55169,56.34058,56.25873,56.25275,55.78108,56.07944,55.88152,50.05235,56.09438,53.88804,56.59575212121211,8905.342219999999
2022-10-30 14:00:00,781.3696,,53.45539,52.198,52.27454,52.62711,52.40742,51.88383,52.40225,50.70748,52.64833,52.79092,52.88879,52.78442,52.1721,52.56863,52.24865,49.02388,42.51661,53.08268,53.5904,49.50608,53.75105,53.63815,52.74234,53.51052,52.98398,53.54784,52.70686,52.99798,52.57446,50.69569,52.87602,50.01775,52.33871,51.19179,46.10081,49.88021,,49.12709,41.08062,51.86906,40.58427,50.56354,49.42417,52.41489,51.7571,45.006,51.24289,50.49602,44.6871,51.61931,50.48117,49.37617,43.57991,51.34767,50.91988,45.00983,52.46535,44.40696,51.20708,50.884,44.20656,50.54233,44.62121,23.74313,44.47108,,45.45223,52.62398,52.4599,41.36214,51.43864,44.2049,52.15427,51.49735,51.18489,51.28219,51.37981,51.44077,51.66816,51.68952,52.22192,52.02625,52.00858,51.24475,51.72768,51.0829,51.6816,51.01796,51.52046,,50.9685,51.10308,51.13815,51.49235,51.1974,51.43752,51.35709,50.88021,50.89304,50.55538,51.12077,51.42414,51.56342,51.71614,52.36,52.00629,51.52225,51.78752,51.52065,51.62415,51.6259,51.77225,51.69769,51.79883,47.96138,50.87466,51.49231,51.50281,50.98436,51.27854,51.55802,51.36231,51.54788,50.77114,37.24229,51.05133,51.87181,51.8471,51.88934,51.92817,51.34061,51.63867,51.15154,50.66648,51.99115,52.07304,52.614,51.60623,52.10858,51.44208,51.51188,51.91025,52.01277,51.23611,51.34489,48.14193,51.58419,51.5825,37.04742,50.67221,52.92914,52.20619,51.93584,48.18629,48.9284,52.05386,52.28802,52.28764,51.85427,51.56323,51.73981,51.10498,44.7254,51.36752,48.2446,52.78425333333333,8171.6548
2022-10-30 15:00:00,584.1141,,40.22768,39.29786,39.57352,39.93706,39.78896,39.66185,39.98252,39.08712,39.8511,40.56311,40.17239,40.58965,39.77781,40.34252,40.20065,36.89702,32.48756,40.40227,41.61608,37.50969,41.84052,41.8074,40.25452,41.74488,40.51544,41.82248,40.84306,40.52698,40.61748,38.79662,40.28462,37.86423,39.982,38.84211,35.00254,37.87081,,37.03967,31.03959,39.27625,30.7676,38.315,37.27946,39.9411,39.13721,34.2444,38.88196,38.11386,33.91596,39.21944,38.13021,36.90575,32.86689,38.9161,38.40827,34.21832,40.01815,33.7799,39.14377,38.56917,33.66446,38.64173,34.19915,39.50606,34.11834,,34.96331,40.58596,40.51192,32.02436,39.49175,34.06984,40.37033,39.66142,39.12196,39.24458,39.14327,39.40871,39.34835,39.70815,40.11823,40.02848,39.72987,39.36304,39.50656,39.16486,39.69431,39.15642,39.30052,,38.51862,38.79388,38.98933,39.33748,39.03242,39.14861,38.89902,38.65861,38.81919,38.59927,38.86677,38.98581,39.2784,39.23998,39.76704,39.40488,39.02385,39.13598,39.04123,39.02746,39.16212,39.12838,39.24975,39.19881,36.37088,38.526,39.06052,38.92434,39.04931,38.90929,39.07481,38.88508,38.94394,38.06741,28.21648,38.49936,39.33202,39.36544,39.29475,39.31802,39.13912,39.29054,38.74533,38.43504,39.44283,39.30358,39.73841,38.92564,39.24217,38.96236,38.98471,39.34554,39.16671,38.80175,38.74275,36.41758,39.01644,39.06229,39.30248,38.56323,39.66311,39.39719,39.2466,36.46823,36.51759,39.40965,39.05375,39.52639,38.99179,38.88752,38.64129,38.43913,33.32679,38.68863,36.3176,40.447599999999994,6246.90438
2022-10-30 16:00:00,370.0081,,24.64777,24.08612,24.13394,24.32908,24.32537,24.11827,24.33814,24.54558,24.42779,25.04648,24.63741,25.32229,24.5046,25.07304,25.04727,22.64504,20.27529,24.82404,25.95854,23.09206,26.18377,26.19458,24.78542,26.25221,25.0216,26.37248,25.49398,24.94667,25.28538,24.06414,24.77386,23.36656,24.65108,23.86362,21.56321,22.66537,,22.48087,18.96663,24.04386,18.84275,23.38508,22.90404,24.37225,24.0059,21.14017,23.61627,23.07054,20.74756,23.80638,22.86879,22.12577,19.86362,23.55023,23.14419,20.72289,24.28458,20.39887,23.87881,23.5549,20.45662,23.57098,20.81369,24.08479,20.77404,,21.49958,24.66206,24.665,19.76442,24.20177,20.94456,24.65817,24.05617,23.52571,23.80073,23.63202,23.7941,23.75098,24.00788,24.38371,24.29934,23.97129,23.65942,23.91813,23.6106,24.02858,23.72373,23.70075,,23.31398,23.49556,23.66569,24.00973,23.57452,23.70998,23.5361,23.35821,23.46833,23.36658,23.57398,23.76904,23.83233,23.82423,24.18808,23.94386,23.69229,23.85354,23.68473,23.66952,23.802,23.8445,23.80027,23.80906,22.08358,23.46444,23.65202,23.65966,23.72981,23.60007,23.76421,23.65152,23.59139,22.92759,18.19179,23.32165,23.96919,23.95348,23.80108,23.99702,23.97027,23.94287,23.5611,23.3219,24.04325,23.85094,24.26502,23.65911,23.97371,23.71896,23.70658,23.99708,23.92423,23.50073,23.64025,22.14317,23.66373,23.66742,24.15302,23.42809,24.26687,24.0585,23.9569,22.24187,22.36492,23.94233,23.77632,24.04475,23.6515,23.38042,23.53333,23.42692,20.3325,23.5179,21.99961,24.92667909090909,3811.3665
2022-10-30 17:00:00,91.83509,,5.554625,5.147063,5.308272,5.360043,5.401978,5.371521,5.432772,5.659168,5.435979,5.857417,5.397604,6.000876,5.605376,5.937166,5.937729,5.054125,5.089249,5.639188,6.236771,5.295772,6.454207,6.408207,5.630332,6.571709,5.750708,6.316709,6.345499,5.678605,6.109542,5.73998,5.596959,5.498605,5.569626,5.588313,4.90525,5.111834,,5.092563,4.185895,5.381708,4.112041,5.293459,5.260854,5.323855,5.198999,4.851439,5.083771,5.017084,4.568792,5.312126,4.937293,4.662187,4.513353,5.279709,4.804041,4.489125,5.50077,4.370687,5.327457,5.24827,4.324543,5.401875,4.607666,5.421709,4.524729,,4.927667,5.610271,5.62752,4.516168,5.608958,4.709916,5.699543,5.212397,5.049187,4.931647,4.879647,4.995438,4.905854,5.104709,5.25325,5.301792,4.961418,4.901103,5.037126,4.986853,5.052104,5.01377,4.913188,,4.773478,5.004897,4.860334,5.221666,4.785876,4.993021,4.903437,4.89002,4.791207,4.772354,4.914499,5.085501,4.975125,4.975667,5.149772,5.026375,4.935417,5.184063,4.945168,4.970916,5.039353,5.069458,4.939812,5.012918,4.597229,5.046479,4.814834,5.00377,4.954418,4.966812,5.048833,5.122126,4.860313,4.846438,4.541709,4.938853,5.011999,5.145624,4.843208,5.249375,5.186751,4.983168,4.840605,4.980376,5.250896,5.053937,5.160791,5.064417,5.098124,5.130145,5.048876,5.001457,5.084458,4.936626,5.045979,4.83373,4.937772,5.138584,5.048083,5.140041,5.130208,5.345042,5.072666,4.832063,4.844417,5.18623,4.974374,5.189729,4.929562,4.790353,4.936021,5.04623,4.407021,5.07202,4.727584,5.782687636363636,832.9549949999999
2022-10-30 18:00:00,0.0,,0.096875,0.09416665,0.1246667,0.028125,0.1432917,0.1633333,0.1012084,0.04679167,0.1309583,0.1221666,0.04541667,0.1356667,0.1727083,0.09920835,0.1065416,0.029375,0.1542917,0.121375,0.0835,0.037,0.1414583,0.09905721,0.07804167,0.126875,0.03883334,0.2418333,0.1504167,0.1035834,0.07991669,0.07220835,0.04533333,0.03829167,0.1001666,0.09991665,0.0215,0.1343334,,0.039125,0.01329167,0.031,0.013625,0.0415,0.203125,0.06104165,0.03295833,0.1647916,0.02220833,0.2141667,0.02391667,0.20975,0.1184167,0.015,0.212125,0.1337083,0.01954167,0.02658333,0.1952083,0.02016667,0.04229166,0.09770835,0.02145834,0.1906259,0.1120834,0.1205833,0.02054166,,0.1435834,0.09337502,0.065625,0.02341666,0.1073333,0.017875,0.024875,0.154625,0.1177083,0.06658335,0.033125,0.02520834,0.02958333,0.08495835,0.1987917,0.2225,0.02320834,0.1026667,0.04,0.03358333,0.090625,0.031625,0.02445834,,0.03058334,0.06354165,0.01958334,0.1489167,0.03866667,0.02920833,0.03358333,0.02241666,0.02295833,0.09216665,0.08166665,0.03829167,0.1050833,0.023875,0.09704165,0.02891666,0.07858335,0.03825,0.03475,0.01479166,0.145,0.02770833,0.03158333,0.04245834,0.04575,0.094625,0.04166667,0.05783335,0.04420834,0.02775,0.04325,0.04216667,0.01870834,0.08283335,0.1548333,0.07770835,0.01966666,0.03108333,0.011375,0.1427916,0.2079583,0.02533334,0.01145834,0.1304584,0.1341667,0.033125,0.09158335,0.01741667,0.02783334,0.07358335,0.077,0.03425,0.03879167,0.02958333,0.04258334,0.03179167,0.02066666,0.028375,0.2749057,0.1146666,0.070125,0.11025,0.03654167,0.036625,0.19025,0.1405,0.09120835,0.1078333,0.01991666,0.03008333,0.02554167,0.03841667,0.1107083,0.03770833,0.08270835,,12.58013053
2022-10-30 19:00:00,0.0,,,,,,,,,,,,,,,,,,,,,,,,,,,,,,,,,,,,,,,,,,,,,,,,,,,,,,,,,,,,,,,,,,,,,,,,,,,,,,,,,,,,,,,,,,,,,,,,,,,,,,,,,,,,,,,,,,,,,,,,,,,,,,,,,,,,,,,,,,,,,,,,,,,,,,,,,,,,,,,,,,,,,,,,0.0
2022-10-30 20:00:00,0.0,,,,,,,,,,,,,,,,,,,,,,,,,,,,,,,,,,,,,,,,,,,,,,,,,,,,,,,,,,,,,,,,,,,,,,,,,,,,,,,,,,,,,,,,,,,,,,,,,,,,,,,,,,,,,,,,,,,,,,,,,,,,,,,,,,,,,,,,,,,,,,,,,,,,,,,,,,,,,,,,,,,,,,,,0.0
2022-10-30 21:00:00,0.0,,,,,,,,,,,,,,,,,,,,,,,,,,,,,,,,,,,,,,,,,,,,,,,,,,,,,,,,,,,,,,,,,,,,,,,,,,,,,,,,,,,,,,,,,,,,,,,,,,,,,,,,,,,,,,,,,,,,,,,,,,,,,,,,,,,,,,,,,,,,,,,,,,,,,,,,,,,,,,,,,,,,,,,,0.0
2022-10-30 22:00:00,0.0,,,,,,,,,,,,,,,,,,,,,,,,,,,,,,,,,,,,,,,,,,,,,,,,,,,,,,,,,,,,,,,,,,,,,,,,,,,,,,,,,,,,,,,,,,,,,,,,,,,,,,,,,,,,,,,,,,,,,,,,,,,,,,,,,,,,,,,,,,,,,,,,,,,,,,,,,,,,,,,,,,,,,,,,0.0
2022-10-30 23:00:00,0.0,,,,,,,,,,,,,,,,,,,,,,,,,,,,,,,,,,,,,,,,,,,,,,,,,,,,,,,,,,,,,,,,,,,,,,,,,,,,,,,,,,,,,,,,,,,,,,,,,,,,,,,,,,,,,,,,,,,,,,,,,,,,,,,,,,,,,,,,,,,,,,,,,,,,,,,,,,,,,,,,,,,,,,,,0.0
2022-10-31 00:00:00,0.0,,,,,,,,,,,,,,,,,,,,,,,,,,,,,,,,,,,,,,,,,,,,,,,,,,,,,,,,,,,,,,,,,,,,,,,,,,,,,,,,,,,,,,,,,,,,,,,,,,,,,,,,,,,,,,,,,,,,,,,,,,,,,,,,,,,,,,,,,,,,,,,,,,,,,,,,,,,,,,,,,,,,,,,,0.0
2022-10-31 01:00:00,0.0,,,,,,,,,,,,,,,,,,,,,,,,,,,,,,,,,,,,,,,,,,,,,,,,,,,,,,,,,,,,,,,,,,,,,,,,,,,,,,,,,,,,,,,,,,,,,,,,,,,,,,,,,,,,,,,,,,,,,,,,,,,,,,,,,,,,,,,,,,,,,,,,,,,,,,,,,,,,,,,,,,,,,,,,0.0
2022-10-31 02:00:00,0.0,,,,,,,,,,,,,,,,,,,,,,,,,,,,,,,,,,,,,,,,,,,,,,,,,,,,,,,,,,,,,,,,,,,,,,,,,,,,,,,,,,,,,,,,,,,,,,,,,,,,,,,,,,,,,,,,,,,,,,,,,,,,,,,,,,,,,,,,,,,,,,,,,,,,,,,,,,,,,,,,,,,,,,,,0.0
2022-10-31 03:00:00,0.0,,,,,,,,,,,,,,,,,,,,,,,,,,,,,,,,,,,,,,,,,,,,,,,,,,,,,,,,,,,,,,,,,,,,,,,,,,,,,,,,,,,,,,,,,,,,,,,,,,,,,,,,,,,,,,,,,,,,,,,,,,,,,,,,,,,,,,,,,,,,,,,,,,,,,,,,,,,,,,,,,,,,,,,,0.0
2022-10-31 04:00:00,0.0,,,,,,,,,,,,,,,,,,,,,,,,,,,,,,,,,,,,,,,,,,,,,,,,,,,,,,,,,,,,,,,,,,,,,,,,,,,,,,,,,,,,,,,,,,,,,,,,,,,,,,,,,,,,,,,,,,,,,,,,,,,,,,,,,,,,,,,,,,,,,,,,,,,,,,,,,,,,,,,,,,,,,,,,0.0
2022-10-31 05:00:00,0.0,,,,,,,,,,,,,,,,,,,,,,,,,,,,,,,,,,,,,,,,,,,,,,,,,,,,,,,,,,,,,,,,,,,,,,,,,,,,,,,,,,,,,,,,,,,,,,,,,,,,,,,,,,,,,,,,,,,,,,,,,,,,,,,,,,,,,,,,,,,,,,,,,,,,,,,,,,,,,,,,,,,,,,,,0.0
2022-10-31 06:00:00,0.008468615,,,,,,,,,,,,,,,,,,,,,,,,,,,,,,,,,,,,,,,,,,,,,,,,,,,,,,,,,,,,,,,,,,,,,,,,,,,,,,,,,,,,,,,,,,,,,,,,,,,,,,,,,,,,,,,,,,,,,,,,,,,,,,,,,,,,,,,,,,,,,,,,,,,,,,,,,,,,,,,,,,,,,,,,0.0
2022-10-31 07:00:00,1.749732,,0.2042778,0.3023055,0.28525,0.08550001,0.1911667,0.3211667,0.10075,0.1382778,0.2612222,0.16225,0.1919444,0.1137778,0.335,0.1094722,0.2055555,0.2050278,0.1286111,0.1591389,0.04883332,0.1216389,0.1784167,0.1441945,0.1402222,0.1411389,0.1614722,0.1830278,0.1498056,0.1356667,0.1125556,0.08722223,0.1371111,0.1066944,0.1396944,0.115,0.0643889,0.1536111,,0.1066111,0.08791668,0.08797223,0.08691668,0.1695278,0.2780555,0.08561112,0.09005555,0.3129167,0.02147222,0.2765278,0.1076389,0.2985,0.1386111,0.06580555,0.3172222,0.2005833,0.08041666,0.1137222,0.1625,0.04508333,0.1609444,0.1808055,0.1183055,0.3206944,0.07633332,0.1411111,0.1188333,,0.1727222,0.1255,0.1309444,0.08488889,0.1458889,0.08269444,0.1178889,0.2565556,0.2198611,0.1173333,0.17625,0.2109722,0.1903611,0.1910833,0.3442778,0.3718611,0.1566111,0.2332778,0.1829722,0.1395,0.2171667,0.1153889,0.2154722,,0.1848056,0.1351389,0.1650278,0.2486111,0.2379167,0.06847224,0.09463888,0.2048055,0.1575,0.2443611,0.2154722,0.2672778,0.2594722,0.1583611,0.22525,0.2149166,0.1852778,0.1820278,0.1869166,0.02697222,0.2366389,0.08688888,0.1556944,0.1333889,0.1296667,0.3011944,0.19675,0.1195555,0.2224444,0.1540278,0.2044167,0.1650833,0.06997223,0.1595278,0.1841111,0.1746111,0.09666666,0.2311944,0.08369444,0.2162778,0.3659444,0.1825833,0.2328056,0.2334166,0.2099445,0.2057222,0.2022778,0.06905556,0.1437222,0.1354167,0.09802777,0.1301667,0.1325278,0.04249999,0.2157222,0.1360278,0.0643889,0.1594167,0.2379722,0.1893056,0.1826389,0.1794167,0.2961389,0.2715,0.3074166,0.2915833,0.17675,0.2473611,0.09369446,0.1652222,0.1928333,0.2093611,0.1744722,0.2020556,0.09752776,,27.731499420000002
2022-10-31 08:00:00,176.8679,,6.646417,7.103626,7.758353,8.674083,9.702065,10.27285,10.64152,10.68071,11.47015,8.978458,11.30187,8.182645,11.47685,7.462938,6.689793,10.50704,6.32575,11.06267,5.906064,9.474376,5.763875,4.641626,10.2281,4.868855,9.099418,3.893229,3.417167,9.678291,2.595625,2.131125,9.409624,2.370146,8.09375,1.975521,6.177292,2.126625,,2.377542,5.629,2.894979,4.728168,3.531896,4.276354,7.726458,3.655271,7.718688,3.857438,4.3855,7.214126,3.656021,2.308125,2.924687,6.34273,4.985958,4.089959,8.519084,5.750728,7.145833,6.624458,6.141353,9.942668,7.171978,8.67273,6.878708,8.755102,,8.449269,9.336335,10.31252,6.885313,10.16544,8.074271,10.33421,12.6131,12.0526,11.72475,12.02698,11.53302,12.2734,11.78077,12.68823,12.13096,12.08329,10.94575,12.14761,11.66527,12.15023,11.56979,12.29925,,12.06335,11.44977,12.01448,11.67252,12.25294,10.75127,11.75896,11.46992,11.88463,11.07275,12.2401,11.66438,12.36356,11.59942,11.92975,12.209,11.94381,11.11704,12.11565,10.64844,12.288,10.89939,11.88502,10.56083,10.95621,11.47708,11.90265,11.54275,12.31335,11.26265,12.09031,11.21396,11.313,10.71652,10.1385,10.73598,11.52827,11.64635,11.2916,11.07729,12.26198,10.8814,11.96548,10.56761,11.1206,12.17425,12.12633,11.12789,11.89139,11.61715,11.73233,11.4884,11.93608,10.56442,12.01975,10.89559,11.47269,11.72592,8.782272,11.39977,13.29646,11.65135,12.74221,10.52379,11.74596,11.68419,12.07533,11.89294,11.77794,10.74588,12.21423,11.65531,10.13623,11.99583,10.51185,12.215087272727272,1543.3986489999998
2022-10-31 09:00:00,479.7559,,31.07198,34.75714,35.56323,35.6226,35.57183,34.8619,35.3605,34.69971,36.03548,34.75902,36.01044,34.16415,35.60967,29.90939,28.37233,32.86135,28.26829,35.65627,28.42454,32.367,27.31754,27.32038,34.929,25.20981,34.83056,13.43104,22.92121,35.03409,23.53444,22.14923,35.14708,20.64765,34.54129,19.78777,30.1051,18.43752,,22.88469,26.8674,26.65327,25.99544,27.71161,26.91325,34.90385,26.27342,30.28336,23.85571,22.56075,29.83444,22.54098,22.80209,26.68804,29.33236,28.15175,28.05052,31.56475,28.5029,31.02302,29.22273,29.19464,30.96767,29.61002,30.49117,33.90173,30.83752,,31.16312,36.80614,36.75519,27.33904,35.76898,29.77458,36.10688,37.57613,37.41121,36.79971,37.02096,36.80658,37.34525,37.17165,37.883,37.66819,37.4655,36.36596,37.22567,36.85798,37.34644,36.72337,37.40173,,36.09123,36.05883,36.44925,36.68123,36.85902,36.04483,36.38871,36.01691,36.54462,36.00535,36.6435,36.53496,37.0806,36.734,37.32811,36.54392,36.12771,35.78571,36.28531,35.59877,36.43004,35.77196,36.46454,35.9926,33.81464,35.78223,36.50606,36.06269,36.4424,36.16548,35.84792,35.44348,35.51981,34.20158,36.20786,34.68854,36.0144,36.06691,35.97977,35.07196,36.335,35.90973,35.87516,34.90527,36.08146,35.72077,36.32952,35.13292,35.7824,35.37746,35.35329,35.49981,35.87883,34.71135,35.62262,33.0231,35.33352,35.67564,28.97373,35.08311,36.63365,35.79992,36.17644,33.40039,33.79335,35.94107,35.85408,35.97937,35.40194,34.72373,35.5524,34.98029,30.48894,35.38366,32.86158,36.925130606060605,5379.5458100000005
2022-10-31 10:00:00,678.246,,49.86023,50.66656,50.69073,50.78416,50.53825,50.17079,50.51413,49.72923,51.05104,49.9986,51.26833,49.93385,50.59929,48.88427,47.71285,47.00512,46.04406,51.07498,47.62305,46.85373,50.05421,44.82752,50.35925,43.30073,50.436,30.3951,46.97142,50.55713,44.34154,41.53802,50.65429,39.53691,49.85912,40.59812,43.45638,39.63785,,42.31025,38.94956,46.83316,38.16869,47.88219,45.09062,50.34566,45.15742,43.15079,43.5391,42.91977,42.62715,43.73056,40.91369,44.32481,41.91044,49.39792,45.35096,44.04546,43.41892,43.72304,43.85762,43.88371,43.28889,47.53279,43.52569,50.61035,43.22835,,43.767,51.55013,51.35744,39.03321,49.86641,42.11663,50.64486,51.40131,51.25798,50.86025,51.17133,50.98583,51.49723,51.38725,51.99706,51.93213,51.78152,50.92454,51.35696,50.84775,51.4154,50.76023,51.37046,,50.34321,50.50686,50.65929,50.9116,51.22577,50.66731,50.75494,50.3015,50.56046,50.12977,50.58252,50.7801,51.16202,51.08008,51.78779,51.14806,50.58614,50.5346,50.70993,50.37108,50.81177,50.56079,50.90562,50.74581,47.19231,50.02567,50.88342,50.58469,50.64475,50.62165,50.62562,50.07436,50.32938,48.98879,50.99304,49.55033,50.88017,50.68036,50.87465,50.41191,50.65308,50.51275,50.37715,49.49471,50.85871,50.68067,51.41042,50.05582,50.7245,50.14027,50.21669,50.45589,50.73527,49.86133,50.31417,46.73558,50.316,50.43406,50.19592,49.70216,51.32942,50.4161,50.80189,47.13235,47.28056,50.86358,50.59265,50.83646,50.2635,50.04298,50.05764,49.55386,43.08854,49.97252,46.74213,51.24535787878788,7860.564759999999
2022-10-31 11:00:00,841.6765,,59.35987,58.65988,58.54035,58.80546,58.58529,57.95167,58.6171,54.93548,58.83681,58.3391,59.06692,58.60321,58.25658,58.34169,57.90559,54.71858,47.78121,59.10548,59.00702,54.85369,59.03017,58.80208,58.49152,57.71698,58.71865,27.99681,57.45248,58.75444,57.62369,55.49317,58.84783,54.16133,58.04412,55.39879,50.98471,54.25991,,53.8976,45.62835,57.33948,45.02744,56.4136,55.12773,58.46154,58.04283,50.25083,57.71587,56.84565,49.86819,55.58892,55.55758,54.98498,49.34779,57.75454,57.49767,51.09911,47.44313,50.78898,56.63754,55.85348,50.20612,57.31433,50.55194,36.80127,50.30046,,51.15839,59.50754,59.29737,45.96919,58.00119,49.35602,58.78627,58.5875,58.85392,58.47377,58.61448,58.70161,58.95779,59.10317,59.50973,58.82456,59.28915,58.70146,58.94923,58.58617,59.01873,58.11044,58.87819,,57.80108,58.09567,58.30185,58.57663,57.85534,58.36473,58.31821,57.84388,58.15344,57.84494,58.12819,58.33975,58.72198,58.66806,59.30338,58.81383,58.34479,58.36096,58.40869,58.19267,58.49136,58.31654,58.61908,58.43644,54.58004,57.50767,58.46146,58.15956,57.75925,58.21423,58.36077,57.8526,58.24381,56.9701,52.78744,57.48745,58.66648,58.44756,58.62471,58.22433,58.03833,58.33158,58.02144,57.39929,58.57277,58.47829,59.12471,58.13784,58.56067,58.03392,58.0965,58.39879,58.53836,57.84954,57.80921,54.26171,58.24171,58.20844,58.62019,57.39308,58.87962,58.25735,58.37617,54.38829,54.603,58.39442,58.39111,58.6346,58.27335,58.02465,57.78158,57.43133,49.99463,57.85698,54.319,58.956102727272736,9172.00188
2022-10-31 12:00:00,918.5986,,60.35535,60.03314,59.93687,60.69344,60.19321,59.11296,59.96615,59.83664,60.0676,60.00654,59.98042,60.14704,59.18581,59.98861,59.68394,58.03939,49.81506,60.42454,60.24056,58.46354,60.18164,60.24556,60.01092,60.24652,60.36794,22.50363,59.9885,60.31443,59.92913,59.05281,60.77935,58.59565,60.04756,59.38325,54.47887,58.84131,,58.56363,48.90619,59.88688,48.41046,59.32573,58.15004,60.20096,60.19085,53.48148,60.1291,58.81746,53.42986,59.19896,59.62011,58.62518,52.21471,60.03315,59.70594,54.1269,44.73604,53.70331,59.88639,59.63446,53.07019,58.86706,45.68042,37.28888,53.28627,,54.21387,60.39127,60.23994,48.91604,60.03043,52.51638,60.03354,59.1345,59.95554,59.79423,59.74265,59.64325,59.86636,59.84123,60.327,59.28133,59.99936,59.74315,59.9309,59.69267,59.87277,59.04883,59.82569,,59.5675,59.65123,59.69983,59.99689,57.02571,59.81896,60.14417,59.40871,59.6866,59.44702,59.77627,59.89292,60.19633,59.91223,60.20383,59.91127,59.78265,60.29863,59.79715,60.03704,59.8845,59.99567,59.9226,60.21369,57.44381,59.59718,59.62031,59.79115,58.37719,59.99313,59.84636,59.83975,59.88156,59.50777,44.52982,59.73261,60.06398,60.00077,59.78819,60.09325,59.07721,59.8661,59.42352,58.88427,60.11575,59.87962,60.10256,59.97348,59.93648,59.77746,59.9614,60.2805,60.07556,59.71142,59.1081,57.57069,59.97113,59.94429,55.00686,58.79644,59.94885,59.92787,59.82138,57.48912,57.7405,59.143,59.87596,59.76523,59.96886,59.79713,59.64518,59.53888,53.14212,59.73252,57.77565,60.231596666666654,9445.50274
2022-10-31 13:00:00,963.5422,,61.29892,61.10948,60.91448,61.82533,61.28352,60.14386,61.16021,61.21164,61.062,61.1426,60.88927,61.45887,60.08223,61.30535,61.07994,59.49137,51.42356,61.43137,61.33544,60.0096,61.23577,61.32987,61.07173,61.34568,61.37056,46.61077,61.42067,61.25725,61.25354,61.24236,61.97219,60.88629,61.20146,61.49079,55.94621,61.01569,,60.2603,49.99366,61.34979,49.83127,61.32104,59.9516,61.29269,61.57615,54.95763,61.91281,60.08075,54.7588,60.07994,61.42239,60.583,53.38475,61.46571,61.38142,55.42648,46.05325,54.92496,61.37969,61.2029,54.27964,60.14,45.56948,34.03502,54.68473,,55.61539,61.40385,61.26286,50.41429,61.49365,54.17846,61.15394,60.15756,61.35854,61.14546,61.00335,60.46209,61.01325,60.57771,61.47506,60.01404,61.0234,61.13225,61.08575,60.86715,60.49927,60.02114,60.97929,,60.9371,60.62052,61.03698,61.28862,59.15558,61.18229,61.60336,60.8159,61.11856,60.21,60.57081,61.18562,61.00779,60.71071,60.69962,61.06139,61.1229,61.63562,60.60321,61.33135,60.63106,61.18823,61.18175,61.43248,58.66054,60.93781,60.86148,61.04229,58.66648,61.25439,60.79552,60.7005,60.61721,61.03075,45.45362,60.6781,61.34483,60.46221,60.6614,61.30167,60.15944,61.09882,60.71021,60.13704,61.20512,61.05829,61.12389,61.33694,61.08877,61.16336,61.38133,61.11167,61.27042,60.87762,60.20208,58.89466,60.39066,61.21815,49.65025,60.07733,60.96613,61.22946,60.93892,58.25773,58.92062,60.07106,61.08204,60.86727,61.29575,61.05025,60.96406,61.11217,54.30115,61.24112,59.11581,61.44813545454544,9654.317310000002
2022-10-31 14:00:00,850.2415,,58.12421,56.91948,57.06325,57.43658,57.27246,56.7399,57.41779,57.2869,57.46387,57.74719,57.77654,57.91436,56.98315,57.69858,57.38258,53.50375,46.55604,58.13373,58.84612,54.19106,58.91264,58.90096,57.69841,58.80727,58.06419,42.27642,58.03375,57.98312,57.85992,55.77017,57.96671,54.87056,57.30931,56.32756,50.41436,54.94383,,53.88973,44.83729,57.07448,44.42723,55.74577,54.17325,57.41211,57.08985,49.28262,56.48508,55.44852,49.08411,56.637,55.47442,54.10315,47.7015,56.61119,56.05369,49.43312,41.43689,48.74631,56.54598,56.01025,48.58344,55.72808,40.86952,13.67525,49.0019,,50.05898,58.10781,57.95675,45.64975,56.77165,48.82173,57.68865,56.921,56.648,56.48525,56.76575,56.75335,57.09356,57.14569,57.58554,57.15236,57.53154,56.7245,57.21908,56.54479,57.17077,56.23654,57.02517,,56.04421,56.21355,56.42325,56.61175,56.28487,56.62867,56.55425,55.97583,56.11846,55.63419,56.17104,56.40985,56.72137,56.76125,57.41781,56.85773,56.40869,56.6095,56.35602,56.46819,56.57442,56.6141,56.63292,56.65227,52.46525,55.53833,56.46433,56.36073,55.94262,56.19642,56.38214,55.96927,56.33641,55.18971,40.63308,55.67033,56.7806,56.59477,56.69183,56.57921,56.14423,56.49739,56.07921,55.36215,56.79296,56.61115,57.37844,56.30167,56.88256,56.11944,56.27742,56.58577,56.82252,55.94587,56.07973,52.41793,56.40459,56.21998,45.03596,55.26308,57.34648,56.80406,56.33402,52.25459,52.89433,56.6381,56.86529,56.95354,56.47877,56.15342,56.23439,55.69235,48.53119,55.96988,52.40884,57.808527272727275,8909.937179999999
2022-10-31 15:00:00,712.1332,,48.1101,47.20894,47.19946,47.45507,47.33446,47.03846,47.46744,43.22929,47.56487,48.38284,48.0909,48.70098,47.54521,48.32408,48.17396,44.15723,38.87883,48.26789,49.81952,44.78856,50.03269,50.05333,47.99654,49.92027,48.46227,35.44973,48.78927,48.32388,48.6754,46.41362,48.13204,45.36744,47.68689,46.66534,41.77308,45.4905,,44.51521,37.02273,47.21375,36.81644,46.02175,44.64017,47.67239,47.10089,40.90365,46.68583,45.63204,40.6014,46.90617,45.66317,44.13887,39.23417,46.54081,46.09108,40.77004,34.13092,40.28725,46.77952,46.24125,40.16557,46.035,33.82598,41.03052,40.65935,,41.63296,48.29581,48.17561,38.17148,47.06502,40.62288,47.98531,46.9535,46.46764,46.55977,46.57206,46.92408,46.824,47.30979,47.52927,47.57869,47.25694,46.83452,46.91367,46.61506,47.05135,46.5615,46.66589,,45.92029,46.29842,46.41802,46.89914,46.53862,46.70654,46.34238,46.11948,46.12127,45.92408,46.23579,46.56633,46.73131,46.86965,47.53202,47.02754,46.53323,46.68658,46.48006,46.4921,46.72052,46.74894,46.72419,46.73496,43.28252,45.84352,46.57058,46.47317,46.37812,46.39936,46.46081,46.14027,46.4104,45.23104,33.53023,45.74867,46.86031,46.74163,46.80513,46.69906,46.52869,46.751,46.16621,45.65196,46.89575,46.67452,47.43061,46.31963,46.90108,46.30917,46.40408,46.67166,46.79548,46.16242,46.33031,43.28373,46.4603,46.32814,37.11004,45.83523,47.2246,46.62269,46.59033,43.21017,43.4631,46.83268,46.71029,46.98562,46.38417,46.10994,46.18633,45.78912,39.858,46.10271,43.10062,48.18413151515152,7393.98976
2022-10-31 16:00:00,138.9106,,8.61198,8.375397,8.25552,8.301313,8.27273,8.246082,8.299313,8.34475,8.320521,8.476729,8.307209,8.715375,8.378355,8.536208,8.434772,7.635562,6.867291,8.396292,8.691,7.762875,8.801311,8.712854,8.203333,8.789355,8.369855,6.326062,8.607647,8.303625,8.403979,8.04427,8.315541,7.881688,8.124333,8.10675,7.135812,7.947812,,7.692729,6.326437,8.007688,6.181313,8.039312,7.859791,8.079333,8.041666,7.118729,7.920042,7.953021,6.843208,8.252104,7.967792,7.634667,7.03125,8.085625,7.887917,7.000167,5.976791,6.979229,8.046354,8.023541,6.821958,8.14725,6.797458,8.255479,6.893979,,7.237271,8.380938,8.338833,6.444583,8.154333,6.727708,8.246208,8.048958,7.946062,7.761021,7.820979,7.852729,7.835625,8.0105,8.080729,8.1545,7.909771,7.876375,7.963979,7.8285,7.848479,7.824646,7.788292,,7.706396,7.895271,7.73025,8.120854,7.759334,7.951917,7.951625,7.740562,7.617834,7.745,7.805917,8.009083,7.931417,7.949479,8.1515,8.068271,7.910937,8.105979,7.893,7.886209,8.015375,7.991417,7.883458,8.023729,7.332021,7.830229,7.772209,7.895042,7.84725,7.933917,7.944,7.957917,7.850313,7.810771,6.835312,7.883229,7.983916,7.95825,7.877917,8.106937,8.091416,7.914813,7.704291,7.907625,8.118854,7.964646,8.019396,7.934709,7.910792,7.971229,7.942271,8.214499,7.940917,7.902334,7.854625,7.408354,7.879562,8.005271,7.68875,7.987042,8.180667,8.25723,8.058875,7.575209,7.520021,8.127938,7.867875,8.127146,7.861646,7.846208,7.70952,7.967563,6.908792,7.973542,7.446458,8.406555666666666,1275.70348
2022-10-31 17:00:00,51.54876,,3.091625,2.731854,2.776375,2.819,2.823188,2.884708,2.880083,3.14525,2.853,3.254833,2.800416,3.394521,3.068646,3.409458,3.367042,2.691396,3.17375,3.102854,3.600937,2.962854,3.826333,3.7665,3.041333,3.925021,3.142604,2.862437,3.793167,3.051417,3.540333,3.304292,2.978396,3.155188,2.91575,3.178229,2.619625,3.003333,,2.842229,2.254,2.883979,2.134875,2.92575,2.981687,2.725396,2.804875,2.619833,2.657438,2.82825,2.401833,2.999333,2.761521,2.409688,2.63125,2.892854,2.605896,2.332604,2.932896,2.268646,2.811021,2.87325,2.131812,2.995563,2.358583,2.887167,2.263917,,2.60875,3.134292,3.198563,2.366896,3.225917,2.399937,3.228458,2.538292,2.536812,2.198479,2.170938,2.340375,2.185479,2.478146,2.495271,2.653854,2.213354,2.422167,2.347167,2.388583,2.37975,2.456563,2.26225,,2.101563,2.468813,2.181604,2.625,2.076479,2.379083,2.215771,2.302521,2.110729,2.344312,2.217083,2.452771,2.279688,2.330271,2.493958,2.346646,2.288479,2.651625,2.290667,2.417062,2.380729,2.467354,2.243104,2.506188,2.077375,2.480729,2.119042,2.466854,2.269792,2.432333,2.450521,2.607208,2.269917,2.542688,2.599583,2.554062,2.331042,2.612562,2.192667,2.706917,2.529562,2.514437,2.197208,2.612458,2.687771,2.441354,2.507479,2.533729,2.492125,2.632292,2.477562,2.829833,2.489979,2.582,2.486583,2.463396,2.340791,2.647562,2.766104,2.728917,2.376792,2.884396,2.381188,2.412791,2.313938,2.574375,2.307688,2.600271,2.295229,2.412875,2.341187,2.566916,2.214084,2.580833,2.363396,3.2394053030303027,427.85408
2022-10-31 18:00:00,0.01220446,,0.012875,0.01379167,0.013125,0.009166665,0.01541667,0.02,0.01125,0.007708335,0.01595834,0.01245833,0.005875,0.01816666,0.028,0.010625,0.0085,0.008,0.01704166,0.016375,0.01283334,0.01404167,0.01883334,0.01341666,0.006541665,0.01595834,0.01120833,0.01325,0.017,0.009833335,0.011,0.007625,0.014625,0.01066666,0.0105,0.01741667,0.006875,0.015875,,0.008291665,0.004208333,0.012125,0.004083334,0.01433333,0.04225,0.008208335,0.008291665,0.02066666,0.005666665,0.04629167,0.007541665,0.059625,0.01027272,0.006708335,0.1134597,0.01670833,0.005708335,0.005083335,0.02133333,0.01004167,0.01045834,0.009208335,0.006291665,0.1634805,0.01225,0.01258333,0.006583335,,0.016875,0.008583335,0.007125,0.006083335,0.01054167,0.005375,0.006541665,0.020375,0.01383333,0.009791665,0.007291665,0.007791665,0.00975,0.01208333,0.07616668,0.04533333,0.006041665,0.0125,0.012625,0.008166665,0.01170834,0.01104167,0.006708335,,0.00875,0.007041665,0.00975,0.02791666,0.004791667,0.005166665,0.01291666,0.007708335,0.009625,0.01045834,0.009333335,0.01279167,0.01679167,0.007333335,0.01291666,0.01229167,0.008166665,0.01591666,0.00875,0.004791667,0.018,0.01120833,0.006208335,0.009083335,0.01120833,0.02125,0.007125,0.008416665,0.01125,0.01558333,0.01091667,0.01083334,0.003166666,0.008916665,0.03641667,0.009125,0.005666665,0.006958335,0.002583334,0.01733333,0.03945833,0.00975,0.006625,0.01829167,0.01383333,0.01525,0.01370834,0.007041665,0.010625,0.01116666,0.009791665,0.02325,0.009375,0.005041665,0.010125,0.006958335,0.006541665,0.009208335,0.1811778,0.015875,0.012125,0.01541667,0.01104167,0.01345833,0.0115,0.017875,0.01333333,0.01145834,0.006583335,0.007416665,0.0065,0.007708335,0.009291665,0.008458335,0.010625,,2.486265726
2022-10-31 19:00:00,0.0,,,,,,,,,,,,,,,,,,,,,,,,,,,,,,,,,,,,,,,,,,,,,,,,,,,,,,,,,,,,,,,,,,,,,,,,,,,,,,,,,,,,,,,,,,,,,,,,,,,,,,,,,,,,,,,,,,,,,,,,,,,,,,,,,,,,,,,,,,,,,,,,,,,,,,,,,,,,,,,,,,,,,,,,0.0
2022-10-31 20:00:00,0.0,,,,,,,,,,,,,,,,,,,,,,,,,,,,,,,,,,,,,,,,,,,,,,,,,,,,,,,,,,,,,,,,,,,,,,,,,,,,,,,,,,,,,,,,,,,,,,,,,,,,,,,,,,,,,,,,,,,,,,,,,,,,,,,,,,,,,,,,,,,,,,,,,,,,,,,,,,,,,,,,,,,,,,,,0.0
2022-10-31 21:00:00,0.0,,,,,,,,,,,,,,,,,,,,,,,,,,,,,,,,,,,,,,,,,,,,,,,,,,,,,,,,,,,,,,,,,,,,,,,,,,,,,,,,,,,,,,,,,,,,,,,,,,,,,,,,,,,,,,,,,,,,,,,,,,,,,,,,,,,,,,,,,,,,,,,,,,,,,,,,,,,,,,,,,,,,,,,,0.0
2022-10-31 22:00:00,0.0,,,,,,,,,,,,,,,,,,,,,,,,,,,,,,,,,,,,,,,,,,,,,,,,,,,,,,,,,,,,,,,,,,,,,,,,,,,,,,,,,,,,,,,,,,,,,,,,,,,,,,,,,,,,,,,,,,,,,,,,,,,,,,,,,,,,,,,,,,,,,,,,,,,,,,,,,,,,,,,,,,,,,,,,0.0
2022-10-31 23:00:00,0.0,,,,,,,,,,,,,,,,,,,,,,,,,,,,,,,,,,,,,,,,,,,,,,,,,,,,,,,,,,,,,,,,,,,,,,,,,,,,,,,,,,,,,,,,,,,,,,,,,,,,,,,,,,,,,,,,,,,,,,,,,,,,,,,,,,,,,,,,,,,,,,,,,,,,,,,,,,,,,,,,,,,,,,,,0.0
